0.42963007
0.39831296
0.4296269
0.36985895
0.47624704
0.39016694
0.49407542
0.39168558
0.48002535
0.4300626
0.48002446
0.42201024
0.41539466
0.40086934
0.42858037
0.40721738
0.42857903
0.3962516
0.45565823
0.39031923
0.4525518
0.41394392
0.44614
0.43316966
0.47747785
0.3859173
0.47747844
0.40856287
0.438251
0.42183155
0.43824735
0.40436134
0.41339085
0.41580552
0.43079144
0.40955368
0.4061612
0.4092713
0.60438466
0.4438967
0.47678432
0.40523204
0.4634717
0.42134625
0.4557794
0.41603655
0.4751337
0.43990737
0.47513175
0.41063833
0.49374214
0.4017311
0.4937464
0.39028245
0.4971515
0.40242457
0.49715185
0.38266188
0.514898
0.38115397
0.42101413
0.36635965
0.42101488
0.3934141
0.45724693
0.39876568
0.4129589
0.40014443
0.41295734
0.41173765
0.38715383
0.41078478
0.46358803
0.370991
0.3985114
0.40788418
0.40383464
0.4131415
0.38700715
0.39714843
0.44410205
0.40572563
0.38820255
0.3977543
0.39377522
0.3941602
0.42035532
0.41709134
0.40460005
0.4279255
0.60683256
0.35968095
0.60683274
0.3738496
0.39469585
0.40998515
0.4573846
0.43037608
0.3946982
0.40980676
0.38584104
0.4269242
0.43808508
0.4153954
0.44451967
0.44142887
0.3964385
0.40940404
0.4207742
0.41309372
0.44074103
0.4145007
0.43623653
0.43892848
0.45070848
0.40598124
0.45151836
0.39432418
0.39479566
0.38406304
0.40465987
0.42614123
0.44074273
0.41620103
0.38680196
0.39517534
0.43762434
0.40928993
0.42356002
0.3879567
0.4135077
0.4139933
0.40477827
0.44400787
0.3939264
0.43917492
0.4126054
0.36545196
0.4055371
0.37967688
0.45171496
0.41990566
0.40191805
0.41074455
0.4018232
0.4040945
0.4214371
0.42574263
0.4222818
0.41304448
0.39290482
0.3812084
0.4165447
0.38576737
0.42225963
0.39637965
0.4277219
0.41995072
0.4244217
0.40968385
0.42351365
0.42155275
0.43603075
0.37673122
0.40527362
0.41385543
0.52346003
0.41506746
0.5234575
0.38707617
0.45800474
0.39001927
0.45800596
0.42640674
0.44007123
0.39971623
0.44846463
0.43269992
0.42169464
0.3810608
0.42339328
0.40030324
0.4778908
0.37359688
0.42339465
0.42534184
0.47789052
0.42957085
0.41711175
0.40161228
0.45242104
0.43347427
0.43739116
0.42209968
0.3955532
0.4010515
0.45038268
0.40344766
0.46953005
0.44523782
0.46156886
0.4196024
0.42254812
0.40449452
0.5222993
0.40004563
0.43417227
0.38962993
0.40301952
0.4061309
0.4030172
0.42592117
0.41732216
0.38916382
0.41732448
0.35138512
0.4709981
0.41834083
0.4709971
0.3967534
0.4379402
0.40321285
0.43793896
0.39849627
0.4385167
0.40509358
0.46293896
0.43132067
0.38849038
0.37352866
0.4289108
0.3818925
0.37706077
0.37640408
0.43019748
0.43270063
0.47115898
0.39167878
0.38849273
0.42647153
0.4689926
0.38690108
0.39250708
0.4124545
0.4225608
0.3899662
0.46442255
0.40517595
0.47444665
0.39768535
0.40167868
0.41879866
0.4480066
0.42215917
0.45028377
0.41715938
0.4469741
0.43487814
0.48810968
0.44837335
0.44296762
0.41456696
0.42962128
0.42879415
0.478737
0.37944263
0.43672043
0.37708837
0.4379478
0.41357404
0.4574937
0.38229018
0.43539917
0.42420694
0.45904166
0.43523663
0.43202132
0.40045395
0.43202376
0.39775985
0.43231088
0.3843564
0.4747747
0.41777793
0.45543143
0.3959587
0.44388273
0.40225568
0.48712692
0.41064587
0.4637311
0.38707346
0.47389454
0.44846788
0.4655156
0.4191085
0.47127876
0.41931552
0.4177703
0.40246543
0.44050828
0.43274492
0.45237964
0.42073047
0.40187594
0.39729905
0.44298694
0.39307913
0.42459723
0.38775924
0.44997546
0.4045224
0.45047536
0.39748186
0.43511155
0.40402988
0.40790418
0.40800443
0.42614907
0.44214162
0.47478244
0.38941008
0.4576095
0.402077
0.43477058
0.4135597
0.39109138
0.3628956
0.46015185
0.42395142
0.38857335
0.40257078
0.4505808
0.39197913
0.4351121
0.38582397
0.43598098
0.3945615
0.41590387
0.3825816
0.40606242
0.39003676
0.46821082
0.4230616
0.42694962
0.38940755
0.40846062
0.37049237
0.43740568
0.3999235
0.44247746
0.3998371
0.39504826
0.40148705
0.4406485
0.40512598
0.37432927
0.40529382
0.37457162
0.41779527
0.4392458
0.3854852
0.43596345
0.39907345
0.40354902
0.39803067
0.41221774
0.4214859
0.4084626
0.41035026
0.38664
0.38717392
0.39860928
0.41246
0.3794505
0.4041819
0.44152817
0.3670758
0.4064198
0.40784863
0.4316165
0.4204031
0.47211897
0.42419085
0.47212163
0.42986202
0.40642032
0.4213295
0.50857425
0.41591367
0.47521633
0.41721153
0.5085754
0.38579187
0.43979406
0.39579585
0.43979198
0.41850793
0.44825205
0.3781177
0.4482551
0.43903434
0.41849795
0.40582848
0.41850153
0.43162164
0.41854742
0.4008237
0.43191722
0.3971433
0.4606441
0.4262044
0.50042385
0.36399448
0.41117084
0.41188568
0.38097563
0.43111727
0.41198793
0.38082176
0.4119874
0.38864073
0.47209087
0.3994258
0.40411103
0.4351832
0.41364378
0.42490673
0.39691162
0.37862715
0.4332991
0.39174587
0.46686053
0.37133992
0.42152038
0.427876
0.41364104
0.4198543
0.39653456
0.36115968
0.38089198
0.3792823
0.41506353
0.41454172
0.41506335
0.37454033
0.4286223
0.40776384
0.4288561
0.3780112
0.43171978
0.38521478
0.4395766
0.41326547
0.42077026
0.38336658
0.4467174
0.41679165
0.42862225
0.40292618
0.4321117
0.4171088
0.42334083
0.4144793
0.3918203
0.37155664
0.42547956
0.40528953
0.438638
0.39726198
0.43229854
0.37458146
0.43973553
0.38515294
0.4246269
0.4279083
0.40697768
0.43157855
0.39436585
0.35494134
0.3802438
0.4401927
0.42548126
0.37518352
0.4274579
0.41126785
0.42745805
0.38976467
0.46652758
0.43592566
0.4502806
0.39951354
0.43369776
0.40239015
0.4382705
0.41852638
0.43167672
0.4089125
0.4332331
0.40535212
0.42138618
0.40747795
0.41906
0.39258468
0.410383
0.39064923
0.43499315
0.42495283
0.44768897
0.3916382
0.45005175
0.41131344
0.43210018
0.42363587
0.39474317
0.431626
0.39909434
0.4151982
0.39909393
0.39898315
0.4219047
0.39425135
0.4679718
0.41782853
0.445521
0.40518036
0.45756885
0.39253795
0.4127281
0.39673868
0.43156177
0.44221482
0.4292888
0.41153243
0.45843706
0.44467628
0.44147426
0.3730468
0.4414712
0.39471212
0.44950628
0.42042115
0.4495076
0.42109716
0.4390035
0.453337
0.42289698
0.36508888
0.42186102
0.3978619
0.40494996
0.42344818
0.44127473
0.4203561
0.49840698
0.3886536
0.49080384
0.41017243
0.4984071
0.43072766
0.4530539
0.39570713
0.45305297
0.39762583
0.40546894
0.39133793
0.45361093
0.40181527
0.423601
0.38076797
0.40431282
0.42147836
0.41546825
0.40122098
0.42500123
0.39547923
0.4095058
0.40631536
0.41811368
0.36123314
0.3863807
0.39457545
0.4082867
0.3849538
0.42010045
0.41048548
0.37946668
0.4257455
0.3774166
0.39132005
0.379467
0.40832248
0.43487364
0.38139513
0.41840264
0.39268023
0.40094277
0.40023413
0.42143974
0.38821515
0.43208793
0.40628323
0.39125037
0.35809526
0.43694144
0.3877426
0.44747815
0.42599654
0.40680093
0.43617734
0.40827438
0.38551572
0.41881785
0.40286398
0.3983955
0.3993705
0.44299218
0.4350314
0.40127343
0.37657022
0.42893267
0.4041972
0.394208
0.4051279
0.43871206
0.40212533
0.44741
0.3927189
0.4915978
0.41572338
0.41724437
0.42952308
0.4247868
0.38393882
0.41585848
0.4291737
0.4276389
0.40783215
0.42763916
0.42439872
0.4655081
0.43550223
0.465509
0.39026293
0.39604774
0.3758634
0.40193605
0.3928358
0.4019383
0.3999777
0.47858143
0.41050914
0.47117302
0.402001
0.42181543
0.40102422
0.45315182
0.3680246
0.40868157
0.4250847
0.52163696
0.3883394
0.43322504
0.39234287
0.41308463
0.40487826
0.440078
0.4180215
0.47012556
0.41316313
0.42908385
0.38429368
0.42481983
0.4066357
0.4059927
0.41879943
0.47233227
0.39773998
0.43345654
0.46008024
0.40207034
0.4294555
0.41961923
0.41480646
0.3982225
0.43739754
0.39821947
0.38912803
0.3941926
0.39249814
0.41632825
0.38357514
0.3721471
0.36563128
0.41208246
0.38162827
0.3863183
0.38801026
0.40434292
0.37885645
0.39285696
0.36292467
0.4300592
0.36648044
0.407945
0.37672642
0.39588514
0.37047625
0.5205407
0.41313553
0.47779664
0.37759498
0.44218028
0.42181373
0.39454466
0.42375943
0.45888522
0.38845298
0.5205406
0.395852
0.46737036
0.4145686
0.48505494
0.40204826
0.45795435
0.37646607
0.40010792
0.40214476
0.41734043
0.41447863
0.4094784
0.40031523
0.40552342
0.38835192
0.40707827
0.3812282
0.4388937
0.44825336
0.44060898
0.4215958
0.4874292
0.426218
0.47204697
0.37339723
0.47204617
0.40415338
0.49462426
0.45052385
0.4276731
0.4048157
0.46497735
0.39204562
0.4556308
0.39086336
0.4946231
0.4307294
0.40773645
0.3829246
0.3866646
0.37883428
0.46104962
0.42908826
0.46104974
0.3947297
0.5299789
0.3843034
0.5299816
0.4233919
0.405682
0.41419202
0.42008132
0.43771508
0.40924466
0.4174187
0.42572343
0.4136259
0.42008033
0.4279577
0.42154253
0.4139004
0.43158406
0.37640604
0.43158704
0.40063745
0.41755375
0.38387358
0.3972421
0.4033339
0.40013394
0.41745934
0.41762257
0.40922922
0.45913377
0.40730837
0.39815277
0.408501
0.418505
0.4101018
0.40675455
0.37377173
0.43245465
0.4002591
0.4104759
0.42206976
0.36391848
0.36953256
0.3639162
0.36549357
0.40438592
0.38211593
0.42400065
0.4095143
0.42204693
0.3990981
0.389867
0.42354017
0.44584218
0.39785963
0.40470657
0.39347595
0.48750773
0.4234739
0.4279955
0.391798
0.40522006
0.4023666
0.42958397
0.3968871
0.4158382
0.39123064
0.40850127
0.38630974
0.40420786
0.4121406
0.41592246
0.39657393
0.44029114
0.3971739
0.40109283
0.38769564
0.41375595
0.4123073
0.42691454
0.40941298
0.5312324
0.39386508
0.5312352
0.41757601
0.48232156
0.41454506
0.48232388
0.428157
0.42822215
0.41997588
0.42822206
0.43564257
0.40907335
0.38865045
0.528037
0.40931946
0.49415812
0.39462128
0.49416086
0.42859903
0.41120312
0.39126524
0.4112017
0.39307326
0.4404802
0.4121539
0.46166682
0.41463766
0.4404783
0.3819314
0.4197137
0.4357613
0.42705908
0.40075675
0.41971245
0.4206888
0.41572392
0.39518896
0.43345708
0.40385905
0.40120706
0.46274439
0.42871386
0.44327515
0.42111802
0.4153259
0.40775838
0.37168777
0.41153502
0.43373668
0.42038578
0.420284
0.4369773
0.39306465
0.4629112
0.45370308
0.42038602
0.41683924
0.43207908
0.43291652
0.46678412
0.3775208
0.434318
0.3828818
0.43431777
0.3873266
0.42573372
0.40222985
0.48847985
0.43039435
0.43641752
0.44105762
0.43641543
0.40276015
0.42619553
0.4052715
0.3985004
0.41798118
0.41461292
0.41121402
0.42637524
0.39290226
0.40854934
0.38761517
0.4184843
0.37094623
0.43248963
0.41529062
0.45581847
0.4040852
0.4735365
0.40724087
0.44378102
0.3826949
0.42306185
0.39726162
0.47884533
0.41034108
0.46642205
0.43575075
0.42306545
0.400751
0.41510808
0.41206264
0.41510698
0.4074835
0.42723456
0.42400438
0.39745766
0.38649553
0.38503966
0.36888042
0.4182937
0.3806858
0.4262026
0.40077114
0.38482818
0.42247763
0.38738465
0.41930428
0.38558817
0.39238527
0.4219817
0.44337973
0.42539325
0.44163543
0.39581582
0.37218753
0.4323572
0.42331845
0.42780337
0.40956017
0.39533943
0.37891886
0.39489865
0.3968139
0.43356568
0.40137765
0.43591514
0.42137313
0.43356532
0.40540147
0.37812644
0.4182698
0.3781257
0.4048809
0.39022025
0.42363524
0.44125694
0.41852343
0.44357204
0.39123335
0.4459564
0.41591343
0.44595388
0.38709447
0.43824455
