0.41624406
0.3579518
0.41624206
0.35774943
0.45401436
0.40587342
0.44992688
0.40119657
0.42703712
0.42701155
0.4504808
0.391156
0.38832495
0.40721083
0.40387273
0.4169719
0.4038701
0.36115432
0.42545557
0.413907
0.45389315
0.35888973
0.42545477
0.40829903
0.44824147
0.37609932
0.44824392
0.3874167
0.42296094
0.39807522
0.42295992
0.36965507
0.4060807
0.3669823
0.39871532
0.3937945
0.39871562
0.40762377
0.39983284
0.39653152
0.4496375
0.38315025
0.453924
0.39997286
0.44963947
0.38318333
0.45052186
0.38888392
0.45051977
0.35633042
0.44905856
0.39965796
0.4490598
0.37701353
0.44874027
0.38472828
0.48327032
0.37969378
0.48326993
0.43213728
0.3964049
0.35759932
0.44151637
0.3848217
0.44151506
0.3730043
0.40163383
0.4126573
0.4016323
0.3632084
0.3600133
0.3965289
0.4487889
0.36129194
0.4160053
0.40525424
0.3875184
0.38062328
0.39617836
0.38501287
0.3862726
0.38819787
0.3857386
0.38348377
0.35728946
0.36167422
0.3983299
0.422895
0.35830283
0.3486812
0.56264937
0.37434682
0.5626493
0.34988564
0.38457164
0.39649078
0.42840588
0.39875212
0.38457167
0.38992697
0.44704762
0.36911297
0.39364463
0.38941774
0.4187028
0.39357778
0.43102676
0.42224368
0.41227832
0.39249387
0.38542214
0.3916556
0.39738286
0.39671907
0.43403125
0.42141595
0.4203757
0.40243316
0.3953542
0.39042053
0.35108626
0.3571817
0.39159775
0.39451504
0.4172734
0.398644
0.3997887
0.40123764
0.3567784
0.38064373
0.3825554
0.36338332
0.42723283
0.38705787
0.4157773
0.39870855
0.41377762
0.37149143
0.40746439
0.3975633
0.4145132
0.40245816
0.39729562
0.37506887
0.40831742
0.38822973
0.4138864
0.3855608
0.43915805
0.37719524
0.35673288
0.3489302
0.39702344
0.37980065
0.4241642
0.3872481
0.40831724
0.37198946
0.39967602
0.41571558
0.39277166
0.40747863
0.4113246
0.40382764
0.3836551
0.37731388
0.50111824
0.3645281
0.38365278
0.36998156
0.44077742
0.39700705
0.42320436
0.40296927
0.4233919
0.4031003
0.43292788
0.42837897
0.41407552
0.39385763
0.38930055
0.3682661
0.41153267
0.38720113
0.39151007
0.41607252
0.41407272
0.39435753
0.4001804
0.3712477
0.42166242
0.40469998
0.44601372
0.4136356
0.38166386
0.3710577
0.41956222
0.4064816
0.45219818
0.39621475
0.3803804
0.3705673
0.43758044
0.41101816
0.37833244
0.3873385
0.41285157
0.41760746
0.3942718
0.4193804
0.39427018
0.41657692
0.39815757
0.3655594
0.39815748
0.36622387
0.42910367
0.35769835
0.4291043
0.38382354
0.41639835
0.36529464
0.40678233
0.39278883
0.40678123
0.3935018
0.4416223
0.4290097
0.38598433
0.36535692
0.429652
0.3613012
0.36558098
0.3772042
0.42321444
0.40497714
0.4374398
0.41687223
0.43743706
0.35291642
0.4165125
0.38039455
0.40556738
0.39197356
0.43219733
0.407886
0.43717003
0.39221126
0.4126426
0.37296984
0.39558655
0.37101805
0.40556982
0.41704705
0.43853077
0.396177
0.40060815
0.3872983
0.4169646
0.38618177
0.38643232
0.38833028
0.40639254
0.40466857
0.4170014
0.39633745
0.45337915
0.39013064
0.4170035
0.4058493
0.43021062
0.3804466
0.4072134
0.40228516
0.4223906
0.39483973
0.42407876
0.378658
0.42407838
0.40063226
0.41175082
0.37931147
0.4475457
0.38581994
0.4191448
0.414343
0.4191433
0.38550332
0.44185433
0.39037728
0.4110707
0.39859772
0.44358024
0.4094419
0.4562216
0.42670685
0.45622092
0.39670023
0.45393774
0.40179822
0.40898967
0.38401675
0.38527447
0.4092163
0.43197554
0.37346253
0.40435937
0.3492081
0.39223295
0.36218554
0.41117278
0.38237333
0.43572792
0.36622283
0.38171667
0.3874988
0.38572466
0.39610967
0.39886302
0.38969642
0.40722427
0.38145712
0.4018299
0.38567725
0.4274096
0.38635856
0.39812824
0.35309228
0.40060654
0.4005595
0.40727803
0.3722783
0.383118
0.4066081
0.40674224
0.38556275
0.39585456
0.4217575
0.39204836
0.35832724
0.44143033
0.3868925
0.3979699
0.3992546
0.43371356
0.40341103
0.38579857
0.35758764
0.43180424
0.40335983
0.36491215
0.36438075
0.36855516
0.37811008
0.38247728
0.3637364
0.38530615
0.38793388
0.365456
0.39674935
0.39169002
0.40094295
0.40486458
0.3747182
0.40414482
0.37553266
0.38717568
0.3894823
0.3729524
0.40444535
0.41364247
0.39952612
0.39743358
0.3649801
0.39810345
0.38196748
0.39229068
0.38361493
0.39035293
0.3691905
0.39070418
0.387432
0.39035362
0.36645097
0.45038068
0.4031565
0.41843036
0.38647178
0.49147975
0.37418142
0.47608477
0.3927935
0.49148235
0.41195038
0.43248007
0.3963897
0.43247783
0.39301065
0.409
0.3752307
0.40900135
0.41459706
0.38500044
0.39529765
0.44383776
0.39544252
0.41419488
0.4056509
0.41813457
0.3516901
0.4182088
0.4079713
0.37938872
0.35572222
0.42922106
0.36815235
0.38852316
0.39446926
0.39110777
0.36362073
0.39088565
0.37499252
0.41504294
0.36476293
0.4707377
0.37109998
0.38047817
0.39437097
0.39099637
0.3745803
0.3606684
0.3436442
0.38463572
0.41426182
0.43982905
0.40323782
0.3886211
0.36304784
0.38463515
0.3688061
0.3783477
0.3766046
0.38871637
0.3684804
0.388716
0.395164
0.4229082
0.41194767
0.39815968
0.394243
0.44528592
0.38508698
0.3884753
0.3686649
0.39804336
0.40228117
0.40505603
0.38884655
0.44418257
0.37454495
0.3948471
0.38479316
0.39336708
0.39616543
0.4012084
0.37353843
0.45661673
0.38154498
0.4097141
0.40890196
0.38856894
0.38202545
0.45657587
0.39487633
0.41850233
0.3854765
0.4202476
0.37870795
0.37241378
0.3516551
0.3875982
0.41383037
0.41206077
0.38576537
0.4193315
0.38211486
0.4193306
0.41021633
0.4095733
0.42009002
0.4581291
0.39951617
0.43447155
0.36591396
0.43447217
0.39264804
0.41135278
0.40172344
0.4218554
0.4046141
0.4084549
0.4014463
0.40208972
0.39589638
0.40941644
0.40644276
0.4020891
0.4193504
0.41611108
0.42413953
0.42203084
0.3606103
0.4134592
0.40399647
0.40422738
0.38399994
0.38979548
0.3965363
0.38230145
0.3995084
0.4415295
0.44446978
0.49284256
0.398617
0.42234662
0.3727381
0.45280278
0.3979106
0.39458615
0.4079294
0.40137142
0.37664035
0.41751784
0.38723928
0.42057672
0.40237865
0.40653592
0.36480147
0.40653306
0.3813507
0.44041768
0.3790088
0.44041863
0.38767365
0.43458584
0.40305793
0.44435236
0.40194577
0.40741518
0.38658738
0.43458563
0.37619168
0.4190451
0.40464097
0.46246672
0.3899058
0.43954486
0.37817648
0.4752224
0.36369577
0.42987895
0.3974579
0.42987806
0.36596322
0.39443538
0.4050079
0.38140583
0.36476836
0.41513422
0.37853035
0.38250184
0.3959147
0.40181753
0.38738626
0.38429704
0.39003238
0.39916563
0.39347595
0.38146362
0.36031654
0.39977467
0.39424255
0.38087413
0.37428188
0.40981266
0.41988724
0.39907518
0.3983393
0.39342633
0.4084013
0.39342663
0.3991
0.3918693
0.38074106
0.44594476
0.38955992
0.4050498
0.38001785
0.42927647
0.3934941
0.39167058
0.40274474
0.39881328
0.38521004
0.40010393
0.38763532
0.41076997
0.38485235
0.39871773
0.3816953
0.40324444
0.38345128
0.40777194
0.4245784
0.41721067
0.4000071
0.4104771
0.40068698
0.4175324
0.42556715
0.4270134
0.3784228
0.4101725
0.38003373
0.40213895
0.4136272
0.3984457
0.3944226
0.41092774
0.38852683
0.41899648
0.3731288
0.40324464
0.38670567
0.4247288
0.3953447
0.39383864
0.358227
0.39383945
0.39454222
0.45142525
0.3957954
0.39370537
0.41090083
0.3961064
0.36997908
0.3940396
0.3569361
0.3940413
0.3639886
0.44770798
0.41165644
0.43596026
0.40546122
0.41560188
0.4095439
0.4177795
0.35966113
0.40012088
0.38965663
0.43568864
0.39308852
0.41857025
0.40612337
0.40274006
0.40753353
0.39490128
0.37917018
0.43544132
0.42303517
0.43817124
0.39522237
0.43543997
0.3827139
0.42302305
0.37677675
0.44952542
0.3750243
0.40316248
0.38917863
0.37320527
0.38428548
0.4005415
0.43093958
0.40976238
0.38338757
0.397646
0.3877481
0.40053958
0.39556894
0.38353696
0.39883205
0.37322918
0.36242646
0.40237477
0.3654738
0.3824892
0.3705018
0.38036978
0.36628944
0.40237716
0.39050096
0.38735807
0.37656575
0.39082566
0.36979082
0.4320268
0.3686842
0.4092084
0.40598068
0.43210885
0.38231626
0.39362708
0.4117046
0.36942163
0.3527648
0.43647438
0.39766198
0.4375635
0.4033893
0.4756939
0.41319308
0.44221944
0.42813027
0.41334334
0.38695526
0.43444175
0.42421013
0.40740138
0.3987281
0.39721322
0.36311138
0.40347356
0.37892476
0.3847707
0.3874435
0.42151394
0.41773316
0.4245369
0.42322114
0.46223044
0.38941443
0.4506666
0.37396154
0.45066538
0.39578477
0.4560883
0.40659055
0.38174194
0.39824027
0.3817412
0.37867546
0.45691255
0.4240366
0.4398074
0.3737739
0.39812052
0.39668375
0.359348
0.3766445
0.37021443
0.39038134
0.35934737
0.37331057
0.5200674
0.38891357
0.5200707
0.39048937
0.41978502
0.368213
0.4273964
0.38111734
0.39463386
0.40759698
0.4142817
0.37636846
0.40964487
0.38870245
0.4088575
0.39774436
0.41030052
0.36889017
0.41030288
0.37684637
0.43503729
0.368776
0.4142881
0.38585663
0.40102756
0.39825758
0.39972866
0.37800416
0.37298584
0.38546568
0.44723967
0.4002698
0.3966344
0.38721827
0.41780788
0.37067723
0.40185025
0.39717945
0.45257735
0.4124031
0.37209114
0.37695277
0.3983883
0.36343572
0.38222188
0.40895358
0.39678875
0.38273254
0.40084773
0.3866033
0.468798
0.37379828
0.3829766
0.38138524
0.44745496
0.4258405
0.37537834
0.37731618
0.42448002
0.41180065
0.43420374
0.36739567
0.38063508
0.37277305
0.3678748
0.37117696
0.37696144
0.37423006
0.39631847
0.3869109
0.37438676
0.36502337
0.36456764
0.35856497
0.3574867
0.3437301
0.39635453
0.38466126
0.39817685
0.4036403
0.47790405
0.39067274
0.47790554
0.37388787
0.4682674
0.371308
0.46826825
0.40238002
0.40436435
0.36836967
0.404365
0.3960794
0.402024
0.43513295
0.50008136
0.38479748
0.45904025
0.4117653
0.4674564
0.3841853
0.39990047
0.3893889
0.39989966
0.38723987
0.4125537
0.4201061
0.44235304
0.4259152
0.43530473
0.41988134
0.39147136
0.3625507
0.39650354
0.4072631
0.43065253
0.39139736
0.42182252
0.3857125
0.43028513
0.37382302
0.3809168
0.38895985
0.4185613
0.38127562
0.4104243
0.4129155
0.39635882
0.36930594
0.403433
0.4078789
0.4051681
0.397088
0.40343326
0.40713754
0.43098807
0.36851665
0.41844308
0.36494154
0.40842927
0.4149896
0.43976688
0.38463876
0.4060521
0.3411428
0.4060526
0.37931654
0.3952899
0.37485036
0.45753223
0.4118947
0.3991891
0.39453843
0.38765076
0.378611
0.39352128
0.41368368
0.36137202
0.3961011
0.39918935
0.42142802
0.40889558
0.37106198
0.40529138
0.391413
0.40895554
0.34809485
0.40805128
0.43221843
0.4089564
0.3862851
0.43066984
0.37750745
0.4307073
0.4013854
0.41266775
0.36455217
0.4353278
0.37132627
0.4196334
0.39166057
0.4126705
0.36676893
0.45917156
0.387998
0.42051804
0.38352615
0.37805283
0.37056875
0.37178066
0.3782503
0.45537284
0.39205912
0.43062577
0.39545006
0.4054396
0.38926497
0.39178455
0.4160637
0.42294353
0.406718
0.37126756
0.34279743
0.40544122
0.38295358
0.39911935
0.41006637
0.4001504
0.37951112
0.3968
0.4023869
0.42844728
0.38186413
0.40656862
0.3729629
0.3676244
0.39775348
0.37574717
0.3963178
0.38949648
0.36389115
0.4059233
0.40075323
0.36165258
0.38298067
0.3616525
0.38077098
0.4124143
0.38615277
0.436506
0.3854163
0.42766693
0.38201284
0.44052416
0.38829705
0.4293879
0.35788316
0.43572503
