0.42346185
0.3916464
0.42345884
0.36543605
0.4718547
0.38500586
0.48818126
0.38715968
0.4746423
0.42588115
0.47464183
0.41858882
0.40942392
0.3956477
0.42518327
0.4034868
0.42518196
0.3928423
0.45119494
0.3855034
0.44659004
0.41174468
0.44186002
0.42724904
0.47293848
0.38076785
0.4729389
0.40380234
0.43500984
0.4147028
0.4350064
0.40184233
0.40903655
0.41129002
0.42657524
0.40500548
0.40143973
0.40525153
0.6000829
0.43956834
0.4714218
0.40052927
0.4603326
0.41731942
0.45167696
0.4116862
0.46865565
0.43650773
0.46865344
0.40766868
0.48650122
0.394522
0.48650545
0.38457823
0.4905072
0.3963756
0.49050716
0.37718582
0.50615853
0.37649822
0.4172075
0.36194706
0.41720834
0.3897232
0.45511246
0.39522317
0.40698758
0.3966044
0.406986
0.40827176
0.38291025
0.4055088
0.4587914
0.36768892
0.39370516
0.40534788
0.39915037
0.4057287
0.38178664
0.39210552
0.44003716
0.4018287
0.38303852
0.3932468
0.3878655
0.3895591
0.41568688
0.4118969
0.39848468
0.42201498
0.6041468
0.355982
0.60414726
0.3683439
0.38840085
0.40446806
0.45233896
0.42552796
0.38840306
0.40479997
0.38017476
0.4217553
0.43369415
0.40911654
0.4408699
0.4374556
0.39001566
0.40160778
0.41484803
0.40675077
0.43601057
0.41164306
0.43059176
0.43512186
0.44582924
0.3999443
0.4450086
0.38825765
0.388181
0.37757644
0.4021454
0.42019188
0.43601203
0.41090313
0.38018462
0.3925312
0.43545014
0.4023916
0.41758826
0.38259673
0.40931556
0.407012
0.39754674
0.44038552
0.3902922
0.43856233
0.4111747
0.36517578
0.40120518
0.37418327
0.44819742
0.41670346
0.3975358
0.4057422
0.39577547
0.3964271
0.41688243
0.41982234
0.41837838
0.40844837
0.38724235
0.37327722
0.41221425
0.38126567
0.4170785
0.39020738
0.424348
0.41323853
0.42297673
0.40675905
0.41951597
0.41718802
0.4313868
0.37247148
0.39988658
0.40902424
0.5168998
0.40486893
0.5168975
0.3835103
0.45260093
0.385956
0.45260227
0.42292026
0.43410218
0.39567152
0.44807795
0.4290914
0.417468
0.3743749
0.42242965
0.39689073
0.47450715
0.36969993
0.42243105
0.42081848
0.47450668
0.42505515
0.4105306
0.39793196
0.44805166
0.43111917
0.43007475
0.41532302
0.3866051
0.39930165
0.4470594
0.39882252
0.46754655
0.44167873
0.45978338
0.4156196
0.41805
0.39763
0.52105606
0.39344814
0.42722243
0.38375425
0.39834726
0.40249556
0.3983452
0.42256993
0.41428393
0.38579062
0.4142858
0.34608474
0.46589682
0.41479793
0.46589586
0.39290154
0.43173826
0.4005364
0.43173724
0.39126483
0.43490627
0.40064594
0.45877975
0.42863157
0.38644964
0.3703137
0.42293048
0.3769448
0.37152743
0.37014362
0.42731515
0.42891324
0.4693022
0.3864605
0.38645205
0.42353538
0.4659777
0.38461137
0.38646865
0.4076098
0.41740215
0.38316807
0.4634079
0.40132833
0.4675427
0.39298058
0.39865595
0.41427472
0.44448486
0.41724688
0.44493312
0.41413313
0.44417983
0.4272281
0.48521867
0.44448236
0.43935788
0.4099217
0.42421487
0.42349398
0.47767317
0.37601846
0.43197772
0.37217334
0.43141067
0.40674657
0.45280543
0.37554154
0.4301949
0.41707867
0.45561865
0.42957717
0.42701864
0.39890856
0.42702097
0.392532
0.42622113
0.37819442
0.46463996
0.41245854
0.45382616
0.39142
0.43845075
0.39701208
0.48171467
0.40623286
0.45802444
0.3849862
0.46749812
0.44305578
0.46025032
0.41559651
0.46662432
0.41505498
0.412598
0.39590016
0.4357968
0.4262154
0.4474306
0.41698247
0.39924657
0.3908625
0.43928447
0.38780275
0.4228072
0.38716868
0.44609383
0.40000403
0.44406545
0.39166728
0.43357322
0.39964265
0.4040429
0.40314403
0.41902667
0.4348383
0.47257516
0.38635573
0.4538689
0.3970403
0.43312258
0.40876386
0.38832596
0.36222926
0.45617923
0.4197814
0.38291696
0.3964268
0.446368
0.3847749
0.43357384
0.38465136
0.434047
0.39455813
0.41262722
0.37833664
0.40278542
0.38642806
0.4661527
0.41718796
0.4235852
0.38709232
0.40641308
0.36574945
0.43490663
0.3973627
0.43541527
0.39560983
0.39168477
0.3955392
0.43566707
0.39889386
0.37072834
0.40003875
0.3722764
0.4149465
0.43513355
0.3805331
0.4307849
0.39338884
0.39906383
0.3911261
0.40568036
0.416158
0.4064149
0.40832177
0.38378176
0.3827577
0.3957068
0.41027543
0.37482354
0.39728978
0.43901706
0.36348677
0.40077618
0.40287614
0.42707986
0.41801965
0.46666518
0.42026883
0.4666675
0.42598268
0.4007767
0.41492334
0.50102216
0.41077814
0.46954882
0.41303676
0.5010237
0.38205072
0.4380893
0.39063042
0.43808734
0.41502327
0.4444329
0.3752828
0.4444357
0.42961273
0.41268718
0.40044188
0.41269082
0.42506847
0.41337663
0.39578906
0.42550218
0.3908387
0.45402238
0.4185788
0.49621183
0.3566476
0.40497518
0.4066244
0.3760693
0.42711365
0.40646002
0.37525332
0.40645957
0.3840363
0.4693148
0.39432666
0.39958188
0.4293502
0.40999058
0.42085627
0.3899565
0.37357357
0.42337665
0.38690022
0.46461114
0.36810625
0.41409034
0.4202531
0.4099878
0.41810438
0.39207622
0.35744634
0.37695843
0.37351635
0.4082514
0.4124845
0.40825126
0.3678228
0.42202425
0.40172583
0.42685485
0.37490115
0.42864454
0.37734604
0.43602753
0.40996677
0.4176507
0.37837532
0.44011465
0.41317093
0.42202425
0.39616337
0.4304175
0.41405538
0.4209917
0.41064698
0.38827527
0.36732724
0.41970202
0.39895216
0.43346116
0.39416867
0.42634693
0.36833897
0.43145815
0.38090315
0.41915798
0.4213606
0.40331987
0.42705974
0.38962263
0.3495529
0.37541637
0.43445012
0.41970342
0.36664134
0.42311352
0.40507573
0.42311373
0.3876729
0.46104237
0.4328104
0.446763
0.39516807
0.43113306
0.39732808
0.43271723
0.41291624
0.4275487
0.40275624
0.42823768
0.39881244
0.41819936
0.40379417
0.41769305
0.38894317
0.40697742
0.3865642
0.4328396
0.42171848
0.44292417
0.3857862
0.4475448
0.40746897
0.42637113
0.4195581
0.39540562
0.4330111
0.39381686
0.41095206
0.39381656
0.39425665
0.41923243
0.39066553
0.4630619
0.4110724
0.44173214
0.40143096
0.449837
0.38832715
0.4082467
0.39316353
0.42617673
0.43736768
0.4257205
0.40398276
0.45297006
0.44216558
0.43709007
0.36722183
0.43708715
0.38864526
0.4468103
0.41763604
0.44681147
0.41280487
0.43404055
0.44818938
0.41788223
0.3605941
0.41751143
0.39321348
0.401829
0.41488153
0.43807808
0.4129073
0.49195418
0.38215557
0.48426205
0.40574056
0.49195442
0.4243143
0.44760457
0.39026695
0.44760373
0.39295888
0.40338483
0.38717133
0.44815356
0.4003219
0.41589475
0.37425733
0.39607528
0.41649154
0.4119513
0.39598283
0.41851443
0.3905785
0.4058209
0.4014609
0.41523987
0.35247022
0.38323808
0.3908458
0.40280014
0.38133025
0.41710165
0.4039864
0.37374693
0.42102423
0.37362117
0.38543162
0.3737471
0.40302712
0.43032828
0.3738581
0.41533178
0.39014626
0.39527145
0.3937419
0.4159101
0.38172206
0.4271646
0.40200052
0.3849542
0.3540559
0.43367317
0.3864478
0.44245094
0.42157185
0.40182745
0.43001452
0.40531215
0.38314363
0.41393378
0.39759657
0.3926723
0.39275455
0.43705863
0.42883754
0.39449674
0.36637384
0.42108727
0.40244296
0.39139783
0.40156686
0.43273813
0.39725617
0.44143358
0.38930866
0.4866884
0.4127797
0.41333303
0.42425364
0.4188405
0.377912
0.40998837
0.42489997
0.4219592
0.40283945
0.4219594
0.41743806
0.4634738
0.4313671
0.4634743
0.38690397
0.38917443
0.36694488
0.3969134
0.38880682
0.3969156
0.39524996
0.47295147
0.40670776
0.46734917
0.39805207
0.41530457
0.39329433
0.4504288
0.3650905
0.40690252
0.4221725
0.51735073
0.38335365
0.4272655
0.38506708
0.4117358
0.3997141
0.43589693
0.41214123
0.46621245
0.40855896
0.42217836
0.37895367
0.42010418
0.4015865
0.39989254
0.41408938
0.46726215
0.39042306
0.4280885
0.4532919
0.3982897
0.4238976
0.41304132
0.412046
0.39147002
0.43205005
0.39146698
0.3832155
0.3899633
0.38692242
0.40992594
0.3769934
0.36895695
0.36106372
0.4056623
0.37564823
0.38083595
0.3824139
0.404172
0.3752231
0.39214247
0.3605191
0.42490944
0.36464593
0.40152603
0.37349275
0.39305902
0.36571786
0.5163514
0.4095458
0.47027555
0.3726421
0.43984312
0.4178436
0.39080817
0.41724297
0.45440048
0.3839817
0.5163514
0.39106756
0.46134716
0.40838987
0.4824187
0.39825225
0.45131058
0.37204477
0.39571843
0.3999794
0.4132334
0.40656877
0.40345287
0.3940713
0.4018223
0.38363433
0.40143555
0.37827224
0.43149066
0.4416391
0.436406
0.41687536
0.4764955
0.4187514
0.46532163
0.36860365
0.46532091
0.39947367
0.49262387
0.4457805
0.42335498
0.40156472
0.4594993
0.38757473
0.45190483
0.38624433
0.4926227
0.42721623
0.40213853
0.3766258
0.3815302
0.37378475
0.45795906
0.42478338
0.4579592
0.39033964
0.5273894
0.38051817
0.52739227
0.418566
0.40092948
0.40903324
0.41560254
0.43160382
0.40598166
0.41177323
0.41945875
0.4071463
0.41560182
0.42378923
0.41718626
0.4076544
0.4267416
0.37153828
0.42674488
0.39663506
0.41531315
0.37954494
0.39155513
0.39962128
0.39510617
0.41713044
0.4131588
0.40319914
0.45314267
0.40134802
0.39164147
0.40046644
0.4112858
0.4047316
0.4033442
0.36965284
0.426078
0.39694116
0.4087192
0.41507939
0.35718706
0.3658381
0.35718483
0.3600146
0.40058658
0.3773047
0.41786066
0.40718788
0.41737616
0.39647004
0.3858667
0.41585046
0.4413659
0.394057
0.40093058
0.38964573
0.48310465
0.41701612
0.4272196
0.38621837
0.40024856
0.3948686
0.427323
0.39439535
0.4147369
0.3885008
0.40335447
0.38076958
0.4001254
0.40968385
0.41255885
0.39013276
0.43551433
0.39077765
0.3956913
0.3799892
0.40866637
0.40545043
0.42579138
0.40613225
0.5267245
0.39053735
0.5267272
0.41294405
0.48216304
0.41156772
0.48216477
0.42045546
0.42329448
0.41389674
0.4232944
0.43236423
0.40457302
0.38245678
0.5231106
0.40544054
0.48856214
0.38991395
0.48856482
0.42339978
0.4038634
0.38548568
0.40386215
0.38776857
0.4333314
0.4078229
0.45624617
0.40995207
0.43332943
0.3720695
0.4168116
0.43020496
0.42465648
0.39574343
0.41681048
0.41768056
0.4076971
0.39046812
0.4286024
0.39917594
0.39645872
0.45751375
0.4236978
0.43604946
0.41420284
0.41110376
0.39857966
0.36623555
0.4054405
0.42794994
0.41594264
0.41515335
0.43546808
0.39032343
0.45887056
0.44506866
0.41594297
0.41047138
0.42922628
0.42902157
0.4619013
0.37561947
0.42959276
0.37963408
0.42959258
0.38202628
0.42329517
0.3987884
0.48013425
0.42965922
0.42944488
0.43712196
0.42944255
0.39850852
0.42028797
0.3994785
0.39551648
0.41369012
0.4092714
0.40379825
0.41783264
0.39032903
0.40403295
0.38222903
0.41661698
0.36837366
0.4269427
0.41013774
0.45261368
0.39834863
0.47209367
0.40126443
0.43696958
0.37725675
0.41662973
0.3938415
0.4745819
0.40712094
0.45777282
0.43174133
0.41663346
0.3975417
0.4096273
0.40932155
0.40962604
0.4021274
0.4226125
0.4159127
0.39108467
0.38538107
0.37896192
0.36338434
0.4124093
0.37549028
0.42299354
0.39725184
0.37884605
0.4174187
0.38203853
0.4156228
0.37819865
0.38678527
0.4178094
0.438214
0.42406586
0.44001722
0.39148167
0.36610144
0.4291757
0.420089
0.42292592
0.4057702
0.3916845
0.37802875
0.39246947
0.3933091
0.42750016
0.3937915
0.43053558
0.41610983
0.42749944
0.40041456
0.37380093
0.41351628
0.37380022
0.4005479
0.38499957
0.4185009
0.43732086
0.41217026
0.4417902
0.38809857
0.4402356
0.4120665
0.4402329
0.38143855
0.43128154
