0.6680461
0.64591265
0.6680437
0.6134687
0.7851745
0.63940096
0.7913189
0.6769157
0.7606383
0.7028873
0.7606297
0.6595727
0.65104175
0.68000746
0.6948214
0.6481621
0.69480926
0.64461386
0.79741764
0.6545593
0.77021945
0.69452864
0.7482131
0.7163457
0.70839274
0.6375473
0.70839846
0.68611884
0.7250217
0.65248305
0.7250104
0.69645584
0.69569844
0.7062774
0.6860976
0.6451827
0.68745667
0.70268
0.8804085
0.76591325
0.6909979
0.7009705
0.7759577
0.67834777
0.6650194
0.67149484
0.77041
0.7101203
0.7704096
0.71284735
0.8014784
0.71557796
0.8014775
0.6623938
0.74253416
0.7127363
0.74253255
0.68740815
0.81988704
0.6790406
0.6959645
0.70503277
0.695957
0.6926766
0.7307067
0.69226193
0.7175882
0.731675
0.71757853
0.72761655
0.6608852
0.71818817
0.7787777
0.6834933
0.7243166
0.64511794
0.6961938
0.70296985
0.6521936
0.6695323
0.77745026
0.68863463
0.7285876
0.6949347
0.7049565
0.66940475
0.68492186
0.71040255
0.6902605
0.6960556
0.87197703
0.6620334
0.8719729
0.641045
0.69316256
0.7062038
0.7364734
0.7072228
0.6931543
0.69605976
0.67087746
0.655797
0.6909722
0.6672187
0.75498784
0.7160299
0.66202366
0.7348476
0.68445176
0.6651702
0.74905807
0.6627461
0.7554136
0.7576602
0.7792257
0.73353475
0.7141986
0.6782
0.6299431
0.64908004
0.6726099
0.71011007
0.7490542
0.69740283
0.66229945
0.644676
0.7700182
0.72683173
0.70206183
0.6412664
0.6767016
0.64118576
0.6598408
0.7236118
0.70479125
0.68528056
0.72332364
0.68673915
0.6850795
0.67953396
0.6950893
0.71523196
0.619162
0.66379577
0.6647313
0.69277
0.68075365
0.6929653
0.66888016
0.6988631
0.6845436
0.6418452
0.71308184
0.64380926
0.7026215
0.66631
0.6624016
0.7007542
0.7075109
0.66254145
0.69828475
0.6975982
0.71302164
0.64511794
0.65921825
0.6888537
0.8168387
0.67648
0.8168333
0.6601811
0.71194685
0.6653294
0.7119355
0.71521646
0.7170716
0.6710752
0.72447115
0.67160136
0.6611449
0.6453172
0.6933873
0.6738146
0.75590634
0.666085
0.6933942
0.7545073
0.75590885
0.67818487
0.7318089
0.711758
0.7528589
0.7119043
0.71995145
0.67557806
0.6511937
0.64012265
0.7220766
0.6692565
0.7431224
0.7318646
0.76688665
0.68174994
0.7278783
0.6955792
0.82319117
0.68775034
0.74310887
0.7125787
0.7150133
0.69151133
0.71501476
0.7039992
0.7391748
0.67598414
0.739184
0.6677989
0.7286721
0.6703207
0.72866666
0.6449136
0.6754277
0.6987927
0.6754436
0.6479114
0.7294818
0.71210456
0.76960343
0.6349386
0.6511048
0.6724068
0.744742
0.6996488
0.687761
0.6688001
0.7868053
0.7014106
0.78024536
0.6425701
0.6511208
0.7090749
0.785371
0.7280959
0.66371703
0.6958677
0.7109562
0.72131044
0.7536641
0.6763333
0.7822984
0.6926668
0.712827
0.7272915
0.7422688
0.7083545
0.6955401
0.7262198
0.73739874
0.68021375
0.7971724
0.734279
0.73851556
0.6756335
0.71804446
0.67600983
0.7797517
0.68081236
0.73055995
0.67263967
0.68930155
0.6719136
0.7410584
0.673555
0.6781157
0.68479145
0.6706902
0.6750246
0.7610417
0.7001887
0.76103824
0.7050007
0.77824
0.7616315
0.75616986
0.64554226
0.76993906
0.7321135
0.72737545
0.6884336
0.800637
0.68416727
0.78057736
0.6980482
0.78350806
0.75086606
0.73695827
0.6824467
0.7485017
0.67689466
0.6735632
0.6718012
0.68873787
0.6786196
0.71457505
0.7016743
0.6651795
0.6852334
0.69032425
0.65937185
0.6572493
0.6486667
0.7024155
0.6573746
0.7130486
0.6756301
0.7086164
0.6710389
0.69355714
0.6796847
0.7374525
0.71768737
0.80260396
0.6502409
0.7825606
0.7211374
0.75082684
0.7164721
0.68261653
0.6270713
0.74784964
0.70472485
0.6924193
0.67214876
0.79609746
0.6536898
0.70862603
0.68340683
0.7664984
0.70702904
0.67035645
0.6848619
0.75072783
0.6834209
0.77533525
0.7512319
0.726167
0.70048946
0.7052147
0.6536912
0.7475041
0.65177315
0.7301814
0.66420895
0.68918395
0.7048641
0.6949693
0.62875825
0.6793571
0.670389
0.6461667
0.6575012
0.7261897
0.6386897
0.7603731
0.6752288
0.6953831
0.6417936
0.70181406
0.6824561
0.7052171
0.67480445
0.7071342
0.72849196
0.713789
0.7189734
0.6433755
0.68574065
0.705778
0.6264125
0.6706189
0.6677566
0.7380863
0.6684617
0.7774725
0.65928316
0.77746904
0.7257943
0.6706368
0.6823306
0.8235905
0.7178804
0.7947712
0.6952992
0.8236047
0.7284532
0.78114367
0.6430862
0.7811464
0.7460008
0.7322083
0.669376
0.7322066
0.6850369
0.665944
0.62716556
0.66596043
0.74800485
0.72996515
0.66750646
0.7383424
0.7078637
0.7179891
0.69598925
0.75910527
0.6242013
0.65273273
0.71714044
0.64335966
0.7394731
0.65155804
0.6379561
0.65156806
0.6309865
0.78328866
0.65599114
0.6636066
0.73284835
0.6748933
0.70355237
0.6796449
0.6327723
0.6978639
0.66517633
0.7489481
0.6838352
0.71426785
0.715096
0.6749109
0.72027373
0.6898225
0.6704899
0.6849534
0.63873553
0.66556954
0.69537807
0.66557246
0.6341971
0.7410672
0.6955412
0.74337685
0.6362421
0.71049863
0.6544929
0.7793575
0.74871886
0.72866666
0.68358594
0.6972327
0.66302663
0.74107856
0.69555247
0.7278639
0.6990249
0.75683516
0.7439928
0.74310756
0.7079094
0.7105051
0.6912686
0.7471672
0.65531087
0.73017997
0.65363383
0.7003605
0.654129
0.7367203
0.691809
0.69403386
0.7060079
0.64474094
0.6322735
0.65664846
0.70107734
0.7105002
0.6643425
0.74171734
0.70396656
0.74172664
0.69112396
0.76172096
0.7191463
0.77558625
0.7023282
0.78482276
0.7100983
0.7161405
0.6972156
0.7189276
0.7476948
0.72739416
0.7250108
0.70406556
0.68938893
0.6713572
0.6530419
0.67256093
0.6709115
0.6575001
0.7612064
0.7377879
0.6144355
0.66934174
0.6765278
0.7100742
0.75512725
0.6893414
0.72331893
0.6688258
0.68495625
0.6688392
0.71209073
0.6947967
0.65994394
0.7997097
0.7093352
0.7446339
0.71477556
0.6926716
0.6512484
0.713601
0.72091377
0.72451836
0.74908364
0.76942146
0.6672624
0.79439026
0.76383626
0.75498635
0.6658776
0.7549753
0.6783104
0.6769752
0.70617914
0.67698526
0.6993239
0.76630116
0.72170794
0.711948
0.66937494
0.73976094
0.6855237
0.73479974
0.67308515
0.7686387
0.71215
0.7746607
0.67778534
0.815655
0.6672726
0.7746822
0.6546044
0.75162387
0.6344646
0.75162673
0.6201943
0.6798925
0.69382495
0.72457135
0.67059404
0.7360733
0.7109784
0.6991807
0.69444627
0.70153034
0.6974246
0.69814193
0.6578117
0.7081894
0.71200395
0.68970656
0.68052834
0.7043759
0.6791905
0.7022917
0.6727489
0.7277721
0.69836944
0.6661272
0.69590926
0.69771767
0.65939105
0.66612476
0.69114715
0.75196064
0.6509171
0.7446712
0.67771184
0.7160284
0.68863
0.7215893
0.66172004
0.6947437
0.66466796
0.6624505
0.6332505
0.6959426
0.728267
0.73248607
0.7010754
0.68738467
0.7128592
0.7658802
0.6794184
0.72403836
0.7507789
0.6738598
0.70313674
0.7151445
0.68884677
0.6995085
0.67833316
0.7045378
0.7252553
0.6535438
0.69256824
0.7458669
0.7283672
0.7308219
0.6805231
0.81055987
0.75270206
0.7565601
0.72532946
0.71145934
0.69623464
0.73120683
0.74528533
0.6820853
0.6999476
0.68208146
0.6778832
0.76684344
0.7244161
0.7668279
0.69662374
0.65436447
0.6258808
0.68618536
0.70080215
0.6861959
0.6721412
0.7637988
0.6812202
0.8020039
0.6706725
0.68743837
0.6820829
0.7538385
0.6826125
0.6661711
0.6642222
0.78787756
0.6796915
0.7280826
0.67461216
0.65434945
0.7411015
0.7243552
0.6286306
0.79348767
0.71582407
0.7244307
0.69457114
0.76287097
0.731127
0.75694567
0.6740436
0.7497483
0.6387794
0.73780584
0.6926051
0.72905254
0.7108851
0.6896025
0.6564444
0.69640315
0.7479861
0.6963959
0.66477394
0.6967438
0.65816325
0.6938466
0.69123644
0.65981376
0.65996903
0.7144438
0.70923895
0.69411296
0.6714
0.67470485
0.6419264
0.65825105
0.62817764
0.7204556
0.6656965
0.68795377
0.61953664
0.654784
0.6604861
0.77544475
0.61542183
0.7119047
0.5886077
0.7143669
0.69588476
0.6637788
0.65785706
0.6891709
0.68180466
0.7754408
0.5740543
0.72967255
0.644856
0.6786838
0.66823727
0.697886
0.67167497
0.63285404
0.6734935
0.64623046
0.62094563
0.6595667
0.653045
0.6919039
0.7057207
0.6743163
0.6316996
0.75002044
0.73089975
0.74174243
0.674793
0.79467225
0.711867
0.77019006
0.70779955
0.77019215
0.7030927
0.8235471
0.6983485
0.71033365
0.6833459
0.7641177
0.69334257
0.7786045
0.6721148
0.8235406
0.73324835
0.72090274
0.63673586
0.67591023
0.6610831
0.7198091
0.72153765
0.71979344
0.69010323
0.8031568
0.67638564
0.8031811
0.73651963
0.72852486
0.6951635
0.7455896
0.68646896
0.7317613
0.71355426
0.7310888
0.72670054
0.7455931
0.71254396
0.7480402
0.6590936
0.71803814
0.6413758
0.71804786
0.6228363
0.6920737
0.6428236
0.6439553
0.6832251
0.6999327
0.7043818
0.6329965
0.6828837
0.7331973
0.7073161
0.67362434
0.6935923
0.75383776
0.7252897
0.6606462
0.6445976
0.7051982
0.7232675
0.5919343
0.6967222
0.6164112
0.6278895
0.61641425
0.65294576
0.7051213
0.7076438
0.6947294
0.64907837
0.7750205
0.7259183
0.62258136
0.6476417
0.7934474
0.6561301
0.71741617
0.6664783
0.7393817
0.695406
0.76402533
0.70256895
0.6903686
0.6941853
0.7121639
0.68762726
0.7775978
0.6363453
0.71344817
0.6627799
0.67772704
0.69572324
0.6470157
0.6552515
0.6989023
0.6472372
0.68633056
0.6662376
0.6492164
0.6969497
0.77730596
0.66329527
0.8368936
0.6831432
0.8368991
0.66800416
0.80281204
0.7373765
0.8028261
0.72059405
0.67871416
0.68818694
0.67871135
0.71726394
0.65610695
0.6589387
0.80157727
0.67687607
0.7587007
0.6759312
0.75868976
0.68937093
0.65794414
0.6383399
0.65794635
0.6407364
0.71784306
0.7044023
0.7373511
0.6936288
0.71786135
0.6182771
0.63549197
0.68393296
0.738524
0.63645434
0.6354862
0.6628759
0.6837878
0.673711
0.69256955
0.71872085
0.7307071
0.7105408
0.7358588
0.75909615
0.74014735
0.6891244
0.72001505
0.68457353
0.71143
0.7209424
0.72066694
0.71222293
0.74648917
0.6821055
0.7048763
0.7091311
0.7206704
0.73138475
0.71197766
0.7012383
0.7322191
0.65040535
0.6943794
0.6253962
0.6943837
0.65975094
0.7110755
0.66643745
0.7569058
0.7036915
0.68774796
0.7139083
0.68773943
0.66832924
0.6824103
0.6910588
0.6503047
0.68981266
0.6992888
0.7209777
0.7111662
0.6822563
0.6584488
0.6977274
0.7010817
0.6675413
0.72535896
0.70832896
0.75291365
0.71461236
0.73445046
0.6410065
0.69818145
0.66581863
0.7128253
0.6599017
0.8044312
0.72533286
0.73094195
0.73356783
0.7128366
0.6750826
0.71270794
0.7406595
0.71270543
0.70408976
0.64151794
0.660316
0.70038205
0.7119306
0.7325307
0.7108399
0.7641755
0.7080476
0.71407753
0.67034274
0.6788773
0.7137663
0.7339811
0.6475887
0.689267
0.7054745
0.71402884
0.76805294
0.7558049
0.7438607
0.72600514
0.62289375
0.74273074
0.72027045
0.713495
0.699466
0.63487643
0.6664556
0.66728413
0.6789993
0.7235419
0.65233177
0.74103624
0.73356533
0.7235348
0.6449438
0.5986683
0.74677527
0.59865946
0.6471521
0.59090215
0.73597795
0.76270175
0.69643646
0.73976
0.66085243
0.7386622
0.6917034
0.7386468
0.65878797
0.6716803
