0.41557297
0.3720294
0.41557074
0.36391094
0.4450324
0.39109704
0.45577708
0.37642092
0.4343212
0.42528927
0.43431893
0.393043
0.4132
0.41133967
0.40988517
0.40869063
0.40988252
0.38580403
0.4592953
0.37638876
0.44563282
0.37147737
0.43116254
0.41576716
0.45158964
0.3584102
0.4515923
0.39737564
0.42726263
0.38625523
0.42726156
0.3971217
0.40999606
0.41631415
0.4085041
0.39589986
0.39056915
0.3941699
0.5896073
0.41906172
0.45390278
0.39582905
0.4483798
0.3977445
0.45465606
0.41546497
0.4566906
0.4301402
0.4566884
0.40977788
0.44794744
0.39474297
0.447949
0.37950942
0.47850662
0.39681527
0.47850674
0.36814997
0.4851867
0.37153855
0.41979882
0.37663373
0.41979998
0.39108744
0.44976324
0.38590348
0.40390262
0.3923426
0.40390098
0.4054453
0.37671903
0.40505508
0.44257373
0.37496442
0.39106956
0.40054205
0.4039247
0.4140911
0.38155743
0.3793186
0.43045086
0.4015991
0.38829497
0.380691
0.38752893
0.38218394
0.40085545
0.41317445
0.39001915
0.39545238
0.56374145
0.37205797
0.5637421
0.37000433
0.3964029
0.3954819
0.44327495
0.44199756
0.39640334
0.4152949
0.38662973
0.40941712
0.3973009
0.40395015
0.42786232
0.4159598
0.369627
0.40889084
0.42202848
0.39950797
0.41481876
0.395538
0.41842723
0.426179
0.43760592
0.40846834
0.42160916
0.36188698
0.37913272
0.3796313
0.38381153
0.39183784
0.41481936
0.4004102
0.3603346
0.38087568
0.4200984
0.3967213
0.38377142
0.36901796
0.39768824
0.38647613
0.37101245
0.42426652
0.3695514
0.42295808
0.40938458
0.3768783
0.39273936
0.38211107
0.4321651
0.40846503
0.39805582
0.39883944
0.39026627
0.39709786
0.41586915
0.4206059
0.40724418
0.40114754
0.3632651
0.34809586
0.41110632
0.38005084
0.40668136
0.37910885
0.4207496
0.40951738
0.4146251
0.4039713
0.40191507
0.4248998
0.43797845
0.38242245
0.394872
0.39661893
0.5047125
0.36915696
0.50471056
0.38235524
0.44527963
0.38813436
0.44527856
0.41493008
0.42957112
0.3985993
0.44334403
0.4294966
0.42270517
0.3781861
0.39149824
0.36445397
0.47248212
0.3870171
0.39149913
0.40241092
0.47248083
0.41102052
0.39718562
0.3926076
0.43598175
0.40338433
0.43734327
0.41557494
0.38164732
0.37624076
0.42629337
0.41825017
0.45949385
0.4293131
0.439178
0.39116612
0.3946354
0.38624823
0.5022629
0.38897008
0.40248773
0.37910476
0.40071955
0.38850236
0.40071738
0.41421968
0.4003466
0.37762028
0.40034682
0.3531171
0.4383065
0.3947378
0.4383077
0.385026
0.41360348
0.40742007
0.4136027
0.36876822
0.4098576
0.38361776
0.4624611
0.4030289
0.39070463
0.37873653
0.43301773
0.3748529
0.36948204
0.36031955
0.4338825
0.4292342
0.44569975
0.40357086
0.39070535
0.39850554
0.44335854
0.39836752
0.3898956
0.4116927
0.41879433
0.39497563
0.41572282
0.39465514
0.4610775
0.39797837
0.39207384
0.40589887
0.44143334
0.4074267
0.41956374
0.4130561
0.43925458
0.40869322
0.45094907
0.41624495
0.4164851
0.40536293
0.42128482
0.42212456
0.4569789
0.36380702
0.42392528
0.37561634
0.41262946
0.39853868
0.42987782
0.37164146
0.40788108
0.37987575
0.42820418
0.39316848
0.4342034
0.40260848
0.43420276
0.4012595
0.41531056
0.3718654
0.43258104
0.39545357
0.4568465
0.3956773
0.42202958
0.39212075
0.47084588
0.39854997
0.44642234
0.38964686
0.43901128
0.43112355
0.46245235
0.39969242
0.44381794
0.39018393
0.4070007
0.38800848
0.41498852
0.41474742
0.4321018
0.39900684
0.3892129
0.40378883
0.42515704
0.37334803
0.40284333
0.38409325
0.44494742
0.38733745
0.4236983
0.3833607
0.41300878
0.38432175
0.39235824
0.38320673
0.41358528
0.42451042
0.45752713
0.37249413
0.44695866
0.38895702
0.4148894
0.38956553
0.37640193
0.3684176
0.43638283
0.41632304
0.3742047
0.39905855
0.41741833
0.37019807
0.41300976
0.37707865
0.4445045
0.39651597
0.4036692
0.381684
0.40189046
0.37973538
0.45911783
0.42360678
0.3956527
0.37851772
0.38107276
0.35503134
0.42606196
0.37993345
0.42067325
0.3748698
0.38102633
0.37341583
0.41937697
0.3757096
0.36955035
0.3946423
0.3644782
0.42185736
0.42205745
0.37077895
0.40750813
0.38362667
0.38588887
0.37523195
0.39109355
0.39219767
0.38107365
0.3905888
0.3700969
0.3807211
0.3839977
0.425433
0.37273335
0.38140696
0.4211856
0.3637175
0.39264867
0.3921446
0.40010107
0.4026389
0.45361584
0.40811938
0.45361716
0.42176437
0.39264974
0.40731257
0.4897962
0.41043386
0.4746279
0.40178743
0.489798
0.38925922
0.4468063
0.38697454
0.4468043
0.41148335
0.41965312
0.37771603
0.41965434
0.42119852
0.38818392
0.391417
0.38818616
0.41894174
0.42502657
0.3817459
0.4228852
0.39384186
0.43115807
0.39322707
0.46778476
0.3706513
0.39979434
0.40409777
0.38228524
0.43016618
0.38873956
0.35740954
0.38873893
0.36700404
0.45217428
0.3915322
0.40477562
0.41032752
0.40663475
0.43840417
0.3808079
0.36292472
0.40809524
0.3649241
0.44858932
0.36624876
0.40102878
0.40804297
0.40663236
0.39935488
0.39673516
0.37598914
0.38241082
0.3670381
0.40407616
0.4027783
0.40407532
0.37411094
0.43425962
0.39565128
0.40787473
0.3613168
0.41226527
0.3777945
0.4290862
0.40326226
0.41586933
0.38290837
0.42008162
0.39898175
0.4342612
0.3996981
0.41655624
0.39698103
0.4181837
0.3956997
0.38647687
0.36970523
0.4208337
0.4054609
0.445426
0.39036217
0.4106378
0.35371616
0.4140548
0.3781426
0.4255446
0.4332089
0.40341127
0.4258289
0.38318595
0.3450888
0.36618027
0.43266502
0.42083398
0.3760324
0.41789177
0.38769513
0.41789147
0.39846015
0.45946032
0.41771194
0.45030057
0.40672252
0.46703178
0.4197293
0.41593307
0.40432873
0.4256546
0.39926293
0.42838055
0.39098972
0.4113333
0.41022712
0.40897623
0.36280173
0.4025514
0.39917415
0.42392904
0.41721573
0.42278013
0.36486036
0.42114475
0.3957867
0.43148023
0.43341854
0.40636483
0.42355326
0.38990036
0.39904976
0.3899002
0.40146032
0.41018933
0.38406605
0.45847797
0.41500586
0.43774256
0.3866551
0.42578793
0.3848092
0.39810872
0.40014926
0.40279227
0.4152498
0.41943526
0.40007883
0.4491809
0.43227947
0.4114828
0.36769125
0.4114801
0.37356934
0.44431892
0.41230682
0.44432035
0.40594766
0.43216094
0.43412077
0.43216676
0.37874863
0.41289592
0.37928465
0.41096509
0.39632058
0.42664236
0.41764942
0.4671438
0.38169968
0.47728628
0.4006619
0.4671459
0.415165
0.43148568
0.3905033
0.43148524
0.38844392
0.39584434
0.39013523
0.41776973
0.383502
0.43921933
0.38300347
0.37554625
0.40371546
0.39984518
0.4121403
0.41237053
0.38640773
0.40524456
0.3800272
0.39155868
0.3551835
0.39706835
0.3818521
0.4067476
0.37354755
0.413013
0.38535735
0.37947398
0.41323024
0.3909401
0.3818252
0.37947494
0.39710733
0.4377519
0.3667472
0.42241314
0.39478746
0.40509537
0.4002245
0.4213306
0.3813138
0.4064105
0.3841034
0.38738054
0.35969675
0.42590675
0.39326033
0.41737965
0.40706387
0.38577387
0.41783595
0.41988063
0.38613188
0.40304872
0.39559165
0.39810488
0.39635396
0.43826035
0.4225576
0.400565
0.36929575
0.4217323
0.40471
0.38351792
0.39600408
0.41641203
0.40308732
0.42147693
0.3775761
0.4686835
0.39925843
0.40889403
0.41081488
0.41391158
0.35558444
0.4030893
0.41315484
0.40294853
0.4027472
0.40294936
0.4063844
0.45535243
0.41890216
0.4553528
0.40159568
0.40204525
0.35875896
0.39017946
0.3747116
0.39018154
0.3868527
0.4508782
0.38920376
0.45126244
0.40702927
0.39620134
0.37803385
0.42246434
0.37014526
0.39092493
0.41135815
0.48969364
0.38639715
0.4240197
0.38589415
0.39998993
0.4030868
0.41511792
0.38900644
0.4404829
0.41343808
0.40153265
0.37732226
0.41358596
0.40384054
0.39454472
0.3973343
0.464711
0.36158583
0.4090983
0.4327701
0.40290067
0.418816
0.40323162
0.40608656
0.41410527
0.42961565
0.41410366
0.38651958
0.3805015
0.37202662
0.39169866
0.36794063
0.36791265
0.3511331
0.40920368
0.37981388
0.37419188
0.38389903
0.3884642
0.3580171
0.3948822
0.35636705
0.41706917
0.3488035
0.38698947
0.3598291
0.37009206
0.35603186
0.4933246
0.3952704
0.4513098
0.36557543
0.429495
0.397345
0.39544803
0.4089409
0.4361494
0.37555948
0.4933238
0.37492618
0.44855517
0.39411083
0.4608109
0.37607592
0.4174663
0.37365785
0.4061387
0.40717804
0.4146236
0.3944145
0.40905356
0.39057896
0.40515614
0.37238201
0.39399725
0.37668753
0.42389083
0.4272576
0.42589808
0.41599962
0.4697551
0.40703785
0.4573983
0.3697359
0.45739725
0.4071642
0.48659593
0.41246024
0.41095018
0.38774696
0.4461847
0.37921387
0.45866802
0.38963762
0.48659846
0.39899704
0.3999383
0.3669029
0.36530226
0.37272292
0.42212364
0.40543768
0.42212325
0.38580957
0.5272296
0.3726618
0.527233
0.41268444
0.42035636
0.41092
0.39299688
0.39949298
0.39255172
0.41671094
0.3959648
0.39989015
0.3929966
0.39094666
0.4117548
0.3909931
0.411495
0.36810023
0.41149747
0.3787029
0.41192764
0.37510756
0.37831217
0.39881396
0.38208154
0.39371195
0.40062112
0.38366103
0.44482738
0.40314442
0.39442044
0.41022825
0.40547416
0.39830565
0.39339584
0.36574644
0.43514287
0.3761628
0.39670178
0.39434266
0.36518973
0.37721804
0.36518812
0.3666269
0.3958156
0.37902904
0.4233518
0.40252405
0.4105596
0.38947082
0.3852344
0.40374964
0.4523719
0.3894466
0.40408948
0.39254716
0.47292396
0.38922632
0.43401027
0.3769567
0.38862517
0.380962
0.3953194
0.36583358
0.42402273
0.3862726
0.38702708
0.38125035
0.3753559
0.40597245
0.40099475
0.3857486
0.42569697
0.3748265
0.37947956
0.36189935
0.3910474
0.40506774
0.39618707
0.39956826
0.49190238
0.37156993
0.4919043
0.40697268
0.48075888
0.4018002
0.48075998
0.3928416
0.4181169
0.42098156
0.41811737
0.40485418
0.40963885
0.38519043
0.50928867
0.40247536
0.4637873
0.36385226
0.46378914
0.42793182
0.4113523
0.3859049
0.4113509
0.38659838
0.41678643
0.39337373
0.44698903
0.40812272
0.41678464
0.379087
0.3979486
0.41140786
0.40074548
0.38405582
0.39794832
0.40494815
0.40155426
0.4042361
0.43264547
0.40436873
0.37900203
0.4275111
0.42453402
0.4252684
0.394118
0.40046266
0.3874702
0.36338124
0.4135499
0.40944725
0.40964118
0.41550452
0.43135
0.40189603
0.43833047
0.42372632
0.4096403
0.38969573
0.41655496
0.40198776
0.44755217
0.37866697
0.40767
0.36355165
0.40767017
0.36972663
0.42210427
0.38312012
0.46496478
0.4265387
0.42621046
0.4158138
0.4262093
0.39613864
0.38166007
0.373444
0.36809188
0.3858633
0.39333463
0.3920674
0.4103615
0.37540263
0.3806225
0.3822787
0.41820788
0.37224585
0.41239548
0.41275012
0.43889895
0.38901842
0.44158396
0.39844927
0.42756125
0.3896831
0.41590828
0.38432598
0.45938355
0.40103197
0.43962547
0.42555574
0.41591114
0.38266313
0.3892059
0.4174332
0.389205
0.38636774
0.3976062
0.39857465
0.38879812
0.39093354
0.386902
0.38477072
0.41738337
0.38296276
0.4117316
0.39680085
0.37429672
0.40000874
0.385195
0.39637733
0.3829236
0.4033038
0.40652123
0.43695968
0.42958686
0.41885164
0.38898247
0.36739486
0.42780057
0.39473388
0.41815704
0.39715302
0.37859088
0.37559634
0.38375235
0.38116002
0.40713516
0.38649315
0.4113571
0.40904117
0.40713596
0.39190108
0.36833325
0.41157475
0.36833322
0.37058187
0.3662307
0.40188602
0.43922207
0.40252045
0.4483568
0.37371913
0.43121418
0.40567738
0.43121156
0.37003356
0.41708878
