0.42963007
0.3777968
0.4296269
0.3677477
0.48146543
0.4258454
0.49407542
0.40266612
0.48002535
0.42311436
0.4977391
0.4163475
0.39102092
0.4121408
0.42858037
0.43079132
0.42857903
0.38705108
0.44614032
0.43313152
0.45565972
0.36948785
0.44614
0.41981074
0.47747785
0.4005184
0.47747844
0.43063754
0.438251
0.42656243
0.43824735
0.39356297
0.41339085
0.39895594
0.4308955
0.42466086
0.430896
0.42109728
0.4307924
0.42124233
0.47678432
0.40041307
0.4557795
0.41839996
0.47678617
0.38534126
0.4751337
0.3929409
0.47513175
0.38338786
0.49374214
0.42662978
0.4937464
0.39219344
0.4857799
0.41033033
0.51489514
0.4002683
0.514898
0.444917
0.40486184
0.35712248
0.45724702
0.39496282
0.45724693
0.38446665
0.4129589
0.42387182
0.41295734
0.38666552
0.3817864
0.41343656
0.46358803
0.37963635
0.4254788
0.4147303
0.39335918
0.39934087
0.43705773
0.38668248
0.39822388
0.39632553
0.38820255
0.39973003
0.3809808
0.3700358
0.4107123
0.42716265
0.38607883
0.35909534
0.60683256
0.38735747
0.60683274
0.36189932
0.39469585
0.40236205
0.4573846
0.41473186
0.3946982
0.43021578
0.4827697
0.39055482
0.4327918
0.4160907
0.43044364
0.41451663
0.43979558
0.44565102
0.41331354
0.40697742
0.39929122
0.41409773
0.43532723
0.44095907
0.45070848
0.4254185
0.4373639
0.42137098
0.41370243
0.40946025
0.39910844
0.40190217
0.4380855
0.408313
0.4422496
0.4156709
0.41466036
0.4228979
0.38680032
0.40029258
0.42953232
0.36641333
0.44171548
0.4056142
0.4244224
0.42096326
0.43169236
0.39689434
0.41920075
0.41612563
0.43921834
0.42507604
0.41309795
0.39718238
0.43066746
0.42014068
0.42745516
0.4009647
0.4502293
0.38876024
0.38728648
0.3797477
0.41132894
0.39282298
0.4322075
0.406879
0.4306679
0.40010455
0.42328984
0.4191484
0.42351365
0.42648917
0.43766993
0.42172152
0.40527362
0.37054223
0.52346003
0.41050526
0.40527198
0.37143102
0.45800474
0.39865422
0.44007206
0.42621705
0.42669168
0.4337322
0.44033644
0.44450748
0.42169464
0.4036054
0.40289542
0.3877368
0.42126784
0.42716995
0.42339465
0.4369385
0.42169207
0.39850384
0.4341733
0.3830001
0.45521158
0.428073
0.4661101
0.45202097
0.38889802
0.3696216
0.45038268
0.41209048
0.46953005
0.42493346
0.39051765
0.39820397
0.46015096
0.4361289
0.3955539
0.41799682
0.4577224
0.44608894
0.40301952
0.4195359
0.4030172
0.42535517
0.41732216
0.37669757
0.41732448
0.3851956
0.4709981
0.37161216
0.4709971
0.39948013
0.4379402
0.38725552
0.43851864
0.427956
0.4385167
0.41416603
0.4691441
0.4463302
0.38309592
0.36775714
0.43019557
0.36969998
0.3857086
0.40037343
0.45703328
0.43278298
0.47115898
0.4083635
0.47115618
0.38469666
0.44214797
0.4124036
0.4193281
0.41199183
0.44745356
0.41533777
0.44800645
0.38456634
0.44232544
0.38321397
0.38853955
0.3879799
0.4193301
0.42872548
0.47020787
0.40565217
0.41614932
0.4162058
0.4644244
0.42473444
0.3893002
0.4047268
0.42213064
0.42071116
0.4303466
0.41716135
0.47873634
0.40516275
0.43034917
0.40572038
0.45890564
0.40272582
0.44266534
0.41059497
0.45904166
0.43263486
0.43202132
0.3655538
0.43202376
0.4122801
0.406592
0.4038448
0.47312936
0.41577032
0.44388482
0.42847788
0.44388273
0.40341884
0.4838098
0.4402398
0.41329703
0.42032686
0.47127923
0.41301793
0.4655156
0.44005904
0.4655168
0.42879486
0.4675082
0.39279312
0.44050828
0.4141487
0.40457532
0.4241408
0.45237896
0.4050134
0.43295482
0.37377396
0.4133914
0.36581388
0.41776922
0.38765913
0.46451336
0.37659296
0.41234136
0.4136533
0.39845985
0.42592832
0.42048776
0.38710096
0.4322112
0.40907404
0.43434665
0.4034774
0.4504083
0.41402578
0.41193193
0.3573128
0.43550244
0.4303573
0.42903793
0.36863708
0.38814768
0.42439386
0.4351121
0.38908863
0.40278232
0.41460013
0.42564932
0.39473408
0.48491272
0.38389602
0.41717547
0.4114912
0.45497763
0.40861875
0.40254453
0.3680519
0.46509868
0.40076035
0.39359167
0.39350474
0.40575987
0.40371943
0.42618015
0.39987049
0.4197399
0.42133924
0.3686319
0.40135613
0.4248963
0.43092573
0.44401968
0.4017083
0.43243024
0.39428228
0.39701906
0.4067875
0.41209644
0.4275407
0.42261446
0.40610456
0.41157717
0.38834408
0.41610628
0.40309614
0.428177
0.38884178
0.42143914
0.38635623
0.40251172
0.4109378
0.42143822
0.38991195
0.47212163
0.41671753
0.43120852
0.4068722
0.50857425
0.4095884
0.47521633
0.41377133
0.5085754
0.4197495
0.43979406
0.41284835
0.43979198
0.40923232
0.44825205
0.395686
0.4482551
0.42297262
0.41849795
0.42049915
0.45154005
0.41694152
0.41854742
0.42176118
0.43191722
0.36849588
0.45161763
0.42994398
0.39476034
0.35344762
0.46064615
0.3870336
0.40325916
0.40702602
0.39969444
0.37740406
0.41116777
0.39257535
0.44739798
0.3803528
0.5019242
0.37251523
0.39281806
0.39887172
0.38966665
0.37506145
0.3620531
0.37250638
0.38168073
0.44115883
0.4668636
0.43133312
0.3965351
0.4005067
0.38167986
0.36280847
0.38089198
0.3972902
0.41506353
0.39190656
0.41506335
0.40058687
0.4286223
0.43851894
0.41815948
0.41618475
0.46110478
0.41040286
0.4073766
0.404463
0.39370194
0.40771368
0.44887206
0.4149598
0.45957643
0.37632635
0.41105562
0.41790456
0.4242184
0.41386664
0.42108652
0.39420527
0.4788052
0.40906236
0.4467167
0.41802266
0.3870401
0.3948877
0.47831118
0.4181662
0.4498992
0.39600864
0.4248986
0.39047715
0.38318437
0.36199605
0.3970765
0.43718693
0.4426637
0.40840214
0.4274579
0.39444357
0.42745805
0.41977084
0.42751533
0.43173262
0.43369794
0.41905618
0.45086536
0.37303227
0.45086566
0.42794278
0.43167672
0.43237224
0.45565507
0.42174765
0.42138618
0.41180864
0.41906
0.42098916
0.4241464
0.41393703
0.4190581
0.4229903
0.44768897
0.44093165
0.43499553
0.37704727
0.43210018
0.4126341
0.40977263
0.41462985
0.39895606
0.43145406
0.39909393
0.39255527
0.4380718
0.45900992
0.5243537
0.40979025
0.46073037
0.38941497
0.46636263
0.4285046
0.4127281
0.426123
0.43208447
0.39179704
0.4292888
0.40892032
0.45282155
0.41667262
0.44147426
0.3784701
0.4414712
0.40729013
0.44950628
0.39304608
0.4495076
0.4017095
0.44390464
0.43716788
0.45984447
0.39298165
0.40494964
0.39525852
0.44390422
0.4002683
0.44127473
0.4091789
0.49840698
0.43770456
0.46538833
0.41268888
0.49080297
0.39085922
0.4530539
0.40555075
0.45305297
0.3903984
0.40546894
0.40488613
0.4009089
0.40598825
0.42623568
0.40698835
0.40921548
0.40768635
0.4199384
0.409747
0.38161987
0.41610464
0.435275
0.41056457
0.40646982
0.37870234
0.42243809
0.40098113
0.40092614
0.37622997
0.41265818
0.4294477
0.40195093
0.41846067
0.3774166
0.4031968
0.37741688
0.4051971
0.42478442
0.3967176
0.4532964
0.39310533
0.41453117
0.3850244
0.45283866
0.39755696
0.407598
0.4291367
0.4065518
0.40816772
0.42881712
0.39691266
0.445228
0.39756307
0.41417402
0.39998925
0.40660346
0.38838342
0.4247338
0.4232347
0.4166991
0.40084782
0.42536923
0.42407864
0.44106674
0.44454548
0.4513925
0.39379868
0.43355277
0.40283537
0.42950347
0.41624588
0.4407368
0.4109009
0.41592115
0.40738365
0.42944902
0.39304894
0.4066039
0.40030304
0.43469164
0.42110458
0.4276389
0.40050176
0.42763916
0.42822927
0.4655081
0.40771118
0.39604798
0.40999174
0.4094823
0.38120994
0.40193605
0.3586016
0.4019383
0.37582868
0.47858143
0.41076827
0.46022794
0.43965846
0.43954274
0.44163465
0.43424582
0.36698818
0.42660096
0.3991389
0.45027873
0.4115075
0.43809307
0.4093881
0.43125865
0.42451409
0.4155346
0.3964828
0.4664039
0.43673807
0.45814273
0.39072815
0.4664014
0.41700602
0.42886013
0.38295493
0.46437153
0.38092765
0.43345654
0.4018628
0.39419228
0.39834118
0.41961923
0.43310702
0.3982225
0.39648277
0.40536088
0.39200762
0.41961873
0.40535545
0.3914118
0.41003814
0.38631743
0.37670046
0.41208246
0.37693408
0.3888425
0.3763778
0.4014305
0.39455664
0.41208357
0.3893219
0.39118072
0.38244283
0.40434468
0.4084047
0.4509727
0.40252182
0.44554383
0.43023807
0.46804085
0.40388086
0.4237646
0.44077566
0.38720468
0.36063153
0.46021453
0.41855502
0.4673694
0.4148781
0.51698774
0.4367245
0.4628645
0.45562083
0.44733885
0.41120076
0.43823585
0.43720192
0.4216826
0.41436258
0.4094784
0.38449234
0.40552342
0.40212828
0.40707827
0.4057299
0.4388937
0.42965278
0.44060898
0.44716582
0.4874292
0.39946094
0.47204697
0.41430384
0.47204617
0.41171372
0.46885735
0.4208018
0.41154623
0.40858412
0.41154486
0.40308863
0.4556308
0.44526705
0.46498045
0.38385692
0.40773645
0.41051438
0.3866646
0.3902151
0.392421
0.40776265
0.38666445
0.4022142
0.5299789
0.4121446
0.5299816
0.4094601
0.43638885
0.39905453
0.4343373
0.40206698
0.40924466
0.42052722
0.44503334
0.41533035
0.43160442
0.40068284
0.41779473
0.40117294
0.43158406
0.3753815
0.43158704
0.411055
0.45888507
0.38052028
0.43599722
0.4135246
0.4146376
0.4127793
0.42445862
0.40459266
0.397241
0.40220636
0.45440412
0.41398224
0.3989509
0.40035093
0.42851263
0.38850558
0.40696862
0.3865452
0.47657093
0.43862662
0.384303
0.39017475
0.4198832
0.36111817
0.38681865
0.41229966
0.41248927
0.3935153
0.39477128
0.3997984
0.48750922
0.37858787
0.38986918
0.37994114
0.46683767
0.4439334
0.39401212
0.39400998
0.4279955
0.42022118
0.45918798
0.40199584
0.40491548
0.3779673
0.38435572
0.37570643
0.40850127
0.4161727
0.42880353
0.3971906
0.39218634
0.37684172
0.38539657
0.3737228
0.39078486
0.36655125
0.42691493
0.40335104
0.4145001
0.40048352
0.5312324
0.39666936
0.5312352
0.38903856
0.48232156
0.40193406
0.48232388
0.43279964
0.42822215
0.38003418
0.42822206
0.40432444
0.40907335
0.45498952
0.528037
0.39825934
0.49415812
0.4223477
0.4785467
0.41019592
0.41120312
0.4112091
0.4112017
0.39035526
0.4404802
0.43233886
0.46166682
0.43787527
0.465921
0.4111984
0.4197137
0.37562796
0.42705908
0.41977596
0.45131546
0.42121476
0.44465837
0.40037426
0.43345708
0.40063867
0.40934703
0.41449854
0.4380551
0.40871614
0.44912338
0.4508326
0.405694
0.37270716
0.41175836
0.43102193
0.42198217
0.4048667
0.41175938
0.42034793
0.44998288
0.40207446
0.44345352
0.38097632
0.43207908
0.44701308
0.46678412
0.39627072
0.434318
0.36344
0.43431777
0.3998956
0.42373642
0.3924398
0.477778
0.40512624
0.42199734
0.41290033
0.40562406
0.39656067
0.43059587
0.45122215
0.38930205
0.42366746
0.42199725
0.4256754
0.42637524
0.3933595
0.4261115
0.411442
0.41704544
0.37155405
0.43248963
0.46344918
0.41704786
0.40550157
0.4735365
0.41301283
0.44604766
0.40934184
0.42306185
0.37779042
0.45690253
0.38131875
0.4425668
0.4146554
0.42306545
0.4000367
0.47171348
0.43174648
0.4372654
0.4088838
0.41011208
0.3793122
0.38694212
0.39188445
0.4647744
0.40911457
0.4360431
0.4005129
0.40213445
0.40566018
0.4238918
0.41432506
0.4263427
0.41256183
0.39023897
0.34212935
0.40213636
0.39630753
0.41423327
0.4257863
0.42197874
0.39290285
0.4232563
0.42665434
0.4500043
0.3881748
0.41292736
0.37582654
0.38482767
0.40733004
0.39123696
0.44379503
0.39975643
0.3794571
0.40777615
0.41144952
0.37812644
0.39646178
0.3781257
0.399162
0.43875974
0.40520424
0.44125694
0.3915242
0.44943455
0.40428573
0.44357395
0.4011856
0.44595388
0.3805025
0.46712342
