0.50717723
0.5287493
0.2790197
0.391507
0.44241762
0.5381315
0.3644618
0.3125735
0.5256629
0.55835
0.37814775
0.30354646
0.43681517
0.5071784
0.3686919
0.29758668
0.50376517
0.5066413
0.326818
0.2834496
0.48419273
0.43681613
0.3406958
0.30179211
0.50411046
0.54649913
0.2907076
0.3388876
0.54721427
0.52576923
0.27793443
0.3144939
0.55325055
0.56043905
0.28193936
0.29007772
0.56044
0.5532497
0.3171129
0.27865988
0.53296614
0.56417775
0.3324405
0.2796167
0.5883485
0.50410914
0.29572213
0.27837902
0.508748
0.45170772
0.3230784
0.33316767
0.51955825
0.42907563
0.28970665
0.33579537
0.5111792
0.5508239
0.29651484
0.32308713
0.50146353
0.4268857
0.30467474
0.3477574
0.41513622
0.47067633
0.36931065
0.2949524
0.4217033
0.39232194
0.29579833
0.30391896
0.49317047
0.5414333
0.33151317
0.30788982
0.4838559
0.4758619
0.36851928
0.32644358
0.498086
0.5553025
0.36723801
0.32268825
0.47693497
0.45318523
0.3157293
0.31834316
0.51331675
0.47693416
0.3157367
0.3165573
0.47659555
0.41310275
0.357042
0.33232287
0.4241193
0.52108794
0.38213494
0.3403134
0.5242533
0.5394159
0.3109898
0.32411504
0.42361367
0.5316805
0.2941741
0.3020451
0.5301951
0.53113353
0.3040622
0.2816948
0.53113246
0.49012768
0.28415206
0.35572255
0.44143674
0.42412195
0.32487595
0.35441267
0.51793635
0.50908387
0.33351088
0.30894202
0.54024094
0.5159245
0.35209185
0.33150417
0.5267615
0.5587492
0.34954306
0.35180128
0.5307225
0.49352917
0.3705782
0.4083755
0.5090853
0.5272744
0.33902824
0.34703255
0.4972689
0.46601287
0.3248116
0.3844929
0.45891568
0.48612022
0.29783636
0.37098524
0.47772542
0.5071116
0.2956392
0.28743234
0.47628176
0.566121
0.2906772
0.35611403
0.566119
0.50041735
0.3324238
0.294436
0.49047515
0.4589165
0.2892422
0.31209302
0.43467093
0.42967638
0.33520424
0.32703033
0.4971913
0.48583108
0.29233924
0.35684925
0.57787
0.5416428
0.31710556
0.29650715
0.48583198
0.57787037
0.3644691
0.37378472
0.5416423
0.516988
0.36198303
0.3023882
0.41110063
0.45195034
0.36287642
0.35519868
0.40310392
0.39196897
0.29899487
0.31533346
0.5207403
0.5327142
0.3228434
0.31682822
0.52054435
0.51331127
0.33564207
0.35803482
0.53271496
0.5779261
0.28060368
0.3294859
0.5498465
0.44334206
0.30286226
0.31136274
0.5482795
0.4684354
0.2990089
0.3144492
0.4424627
0.38608187
0.35129282
0.30326903
0.49459305
0.5013926
0.29985416
0.3081667
0.48393786
0.4710235
0.34439895
0.27687097
0.54913133
0.5634546
0.2834222
0.29164445
0.5191857
0.4751985
0.31855953
0.31354788
0.47209162
0.48393726
0.36498126
0.3198159
0.50363785
0.5135315
0.4114309
0.35089436
0.50898355
0.49168533
0.30374917
0.3707361
0.513531
0.5097318
0.2998475
0.27337784
0.50319695
0.5048292
0.3119491
0.37197778
0.5067414
0.50287914
0.28958938
0.29561517
0.4592662
0.49775234
0.30869284
0.29836488
0.49877247
0.481241
0.37506875
0.2869037
0.49775055
0.49211475
0.28954244
0.3048036
0.48935148
0.5259474
0.29832965
0.3553327
0.4921165
0.49389628
0.27364114
0.3363425
0.47855806
0.5297565
0.3379506
0.29971388
0.5297537
0.4817584
0.33813873
0.38553864
0.5597743
0.5040794
0.33958688
0.33744144
0.5408913
0.5597749
0.36326072
0.34071314
0.5136549
0.47855932
0.304711
0.30034408
0.46716774
0.5866669
0.3161942
0.294807
0.4810364
0.4867319
0.31470424
0.3411006
0.4867286
0.47629693
0.33255664
0.30567634
0.4927836
0.49056846
0.3174821
0.35167855
0.47719765
0.4830024
0.3602713
0.30161282
0.4787356
0.46129394
0.37828434
0.32944277
0.48489726
0.4930873
0.3123562
0.32154253
0.5398531
0.4901883
0.31417707
0.33181497
0.59547365
0.55236995
0.32749605
0.35419536
0.49018663
0.50458086
0.36106715
0.3133424
0.48208284
0.44157326
0.31751308
0.31780478
0.4394399
0.46839887
0.33980346
0.32159874
0.43814352
0.45917106
0.30347952
0.29016256
0.44598544
0.47396693
0.30178484
0.32518056
0.4723852
0.4906188
0.3450516
0.35007566
0.4875687
0.4394398
0.32802418
0.35161185
0.47755235
0.472369
0.29187232
0.30812192
0.4853038
0.4620065
0.30427894
0.2727501
0.44777596
0.49154657
0.2879673
0.3502617
0.4660437
0.45659935
0.29019445
0.3547974
0.46036682
0.43540406
0.28416872
0.351948
0.5139629
0.50878763
0.37389472
0.32276165
0.49107397
0.5542822
0.30967245
0.29493836
0.60148555
0.5745807
0.33695117
0.35364345
0.5522852
0.56906927
0.35521698
0.32098264
0.48692328
0.4958604
0.39376438
0.29783505
0.5151346
0.54002786
0.30173418
0.38654456
0.53652257
0.54744333
0.28304136
0.3997982
0.5400268
0.5155555
0.29519156
0.3114983
0.5487879
0.5564725
0.28991857
0.3246426
0.5155561
0.48449105
0.35602275
0.2904059
0.528219
0.5008532
0.30292934
0.34260777
0.5008526
0.5064448
0.28819105
0.34664902
0.53344154
0.5288142
0.31448096
0.288416
0.5288152
0.51598155
0.31949154
0.31145158
0.51598316
0.45281318
0.33404073
0.34195542
0.5525164
0.4871775
0.27847046
0.36216545
0.5222816
0.565192
0.31480032
0.29942328
0.51682377
0.5115483
0.34592226
0.3017022
0.52137846
0.4969274
0.31204593
0.30751538
0.49692714
0.45519063
0.33007565
0.30564868
0.4755347
0.47657064
0.29954013
0.3616068
0.53498274
0.47315097
0.3366423
0.2793506
0.5299422
0.489878
0.29253778
0.36598802
0.48847598
0.48388696
0.3288094
0.28989512
0.47315285
0.4813603
0.27906543
0.30300003
0.5263316
0.51185274
0.29042953
0.3388935
0.4997978
0.5314209
0.2746287
0.33368337
0.50941503
0.60108477
0.2958051
0.36201158
0.60351586
0.5018534
0.2783797
0.31911546
0.43068823
0.49675447
0.32644564
0.3004503
0.46087986
0.39538395
0.2824353
0.31217098
0.5324759
0.5310115
0.31358948
0.35934746
0.51888114
0.53734094
0.32119486
0.36996648
0.5275094
0.5270005
0.3790028
0.35289294
0.59417325
0.515872
0.3528003
0.37176886
0.508704
0.5594556
0.3815539
0.31035644
0.49289432
0.5064032
0.33972785
0.33857715
0.41590858
0.54875666
0.3158994
0.34948453
0.4078723
0.4981477
0.37280443
0.34202707
0.56910497
0.43493542
0.30780482
0.332579
0.43475428
0.41590825
0.35252625
0.32993764
0.42701644
0.5266228
0.3195545
0.3418449
0.39795825
0.47046039
0.29524896
0.35118407
0.49793363
0.46374595
0.29106155
0.3621568
0.50399613
0.46550208
0.33466637
0.34276178
0.39948598
0.5529719
0.34088194
0.34840643
0.50790143
0.5062716
0.30011335
0.3432308
0.3840143
0.50790226
0.31132308
0.32125202
0.44324765
0.4054894
0.3200367
0.35557747
0.50425553
0.5330248
0.31200528
0.29747528
0.55664736
0.54993826
0.3893896
0.32333183
0.5499377
0.5655666
0.34591118
0.3171691
0.5330271
0.50425655
0.3112541
0.31471214
0.5271261
0.49376634
0.37545103
0.3089599
0.47441533
0.42559493
0.33812848
0.30779412
0.535537
0.5206026
0.31922185
0.3431851
0.5313013
0.50124323
0.36741495
0.34438664
0.42350665
0.45369464
0.3325095
0.29729497
0.51038677
0.46870214
0.31073704
0.36620596
0.50829256
0.48988783
0.3269167
0.33838817
0.45369455
0.43198144
0.31768358
0.32959983
0.47910908
0.4998107
0.3341805
0.30342758
0.48669282
0.4585607
0.30297813
0.30992177
0.5180552
0.4831966
0.30393448
0.3103498
0.4831976
0.42726848
0.36080468
0.29750755
0.44521305
0.4791094
0.3477958
0.33888376
0.47947845
0.5056081
0.33071697
0.3529255
0.54499656
0.5279082
0.32172558
0.3084328
0.49376726
0.5062376
0.34498224
0.33740848
0.5198293
0.5449983
0.34148306
0.30296406
0.5413953
0.5198297
0.30263257
0.31130192
0.48208007
0.5071655
0.3224947
0.312882
0.471591
0.4995539
0.37064666
0.35070217
0.53953534
0.53344077
0.35441414
0.292417
0.4933476
0.5130287
0.28844106
0.35060966
0.5107189
0.53887814
0.3716
0.3659683
0.5388788
0.49193567
0.30112818
0.32287464
0.5290008
0.5163429
0.3900007
0.292024
0.4864349
0.47393835
0.3338183
0.29880732
0.53405595
0.49990997
0.32459956
0.3198816
0.51440173
0.49282563
0.31529242
0.31848952
0.5536075
0.5335456
0.3149513
0.35954368
0.5129904
0.5340582
0.35697
0.31974223
0.48887706
0.4960521
0.30908692
0.31802782
0.52265614
0.5217306
0.30505314
0.3010313
0.51834244
0.4298628
0.3648699
0.28489342
0.5215422
0.424897
0.34485608
0.33140382
0.52270645
0.58557945
0.37874195
0.31039995
0.5318671
0.52270675
0.3217322
0.38176298
0.52432406
0.52192944
0.34014952
0.33241364
0.42489776
0.40886515
0.33280343
0.32338375
0.3900476
0.5140819
0.37308118
0.27895245
0.5604732
0.53134066
0.31194663
0.31495717
0.478842
0.4952589
0.289704
0.31952295
0.47851604
0.50546837
0.28030977
0.29822645
0.4952595
0.46043682
0.3376043
0.28568652
0.44348714
0.41170067
0.28373155
0.29522744
0.52346754
0.4196062
0.3271795
0.30040923
0.41831693
0.52346885
0.3100687
0.3032466
0.49795252
0.4646372
0.3063788
0.39662135
0.37910014
0.45281726
0.2924223
0.2751757
0.52338785
0.49795642
0.342551
0.34918895
0.46463704
0.3791015
0.36278984
0.3244691
0.51609576
0.5024117
0.3103247
0.29438612
0.54027843
0.4501894
0.30603397
0.3029779
0.5168209
0.5673471
0.2882261
0.33204368
0.511359
0.5145374
0.3683069
0.34796917
0.48841798
0.4913602
0.28742385
0.3227036
0.46735224
0.40352008
0.38596833
0.40062222
0.514692
0.51555324
0.371484
0.3380731
0.4752144
0.51469165
0.30533862
0.3488628
0.39385563
0.4773144
0.37418327
0.32718444
0.46419218
0.47460815
0.33752736
0.30486694
0.464154
0.505942
0.38057223
0.33049744
0.4314249
0.38911816
0.32441407
0.34429768
0.530562
0.48870662
0.2875401
0.31455067
0.4882492
0.54691255
0.38040772
0.376621
0.5061909
0.5130295
0.32674918
0.3249897
0.487361
0.53519565
0.3476948
0.39038047
0.5266645
0.53896546
0.3015013
0.32724455
0.51213896
0.49543744
0.31498954
0.3352704
0.42711958
0.44412273
0.31512246
0.29278076
0.49279842
0.52106774
0.2741075
0.30928078
0.47418267
0.46105894
0.30054063
0.30548656
0.5601645
0.502709
0.32549068
0.29704046
0.47312045
0.49422726
0.29612434
0.31952158
0.46105906
0.4504215
0.29424745
0.30675513
0.556349
0.48159927
0.3534398
0.33373493
0.55960596
0.49697116
0.3707179
0.39179116
0.50210017
0.52303714
0.33949563
0.3360315
0.49283642
0.50210243
0.34667888
0.31299448
0.53912985
0.5124221
0.30418321
0.3053423
0.47926533
0.49283746
0.31832245
0.31855595
0.44216263
0.5222804
0.3429592
0.29685426
0.5486505
0.4869836
0.3088253
0.34712058
0.55985177
0.48110607
0.32253426
0.31334937
0.483031
0.55985373
0.28640205
0.29415354
0.5129946
0.51159644
0.31013423
0.29473746
0.503849
0.44216502
0.30461243
0.32015628
0.5070684
0.4984546
0.35236174
0.34605485
0.5359161
0.46369007
0.3404643
0.32958266
0.4469943
0.5333255
0.34901837
0.36071217
0.47851482
0.48034787
0.35883462
0.30835688
0.47836474
0.4733647
0.31229392
0.37345853
0.4519607
0.44699517
0.31382534
0.32193866
0.51054317
0.49522007
0.34512213
0.30301467
0.529492
0.4972576
0.33061865
0.34133917
0.57436204
0.5238477
0.32566756
0.32115144
0.5230942
0.52510226
0.3017478
0.31306833
0.5625155
0.57436144
0.30135027
0.3180827
0.49521896
0.51054347
0.29750425
0.35267487
0.46595955
0.4602192
0.33212754
0.3305601
0.51199573
0.51206446
0.33250776
0.3462817
0.50010294
0.49481264
0.3231034
0.30858645
0.42943615
0.4683835
0.3921476
0.29555
0.5227983
