0.35446712
0.47363627
0.4736364
0.37403825
0.33237594
0.423633
0.42363206
0.29326576
0.32735786
0.46048963
0.46048793
0.35893372
0.36379743
0.39574394
0.39574236
0.32965475
0.35465848
0.46270537
0.46270436
0.39038017
0.31154132
0.44612396
0.44612092
0.3288072
0.3285932
0.39821744
0.3982172
0.3409046
0.3192127
0.4195149
0.41951203
0.31169435
0.32947618
0.43704915
0.43704808
0.3135622
0.3002649
0.46477568
0.46477526
0.34522817
0.30744463
0.39961085
0.3996089
0.3354193
0.33281982
0.4546335
0.45463187
0.3371183
0.3595719
0.43512863
0.4351269
0.33280322
0.32570836
0.45213455
0.45213237
0.31155747
0.32080376
0.42874804
0.42874822
0.32449046
0.35645753
0.44982857
0.4498288
0.317423
0.3345399
0.4899726
0.48997122
0.34223202
0.31939563
0.48779804
0.48779932
0.35628536
0.32431832
0.43612927
0.43612796
0.31395406
0.2989095
0.5198419
0.51984
0.31302896
0.31695694
0.45194197
0.45194075
0.32814476
0.30154076
0.45001677
0.45001706
0.32553932
0.32566357
0.44553506
0.44553372
0.32928506
0.32158336
0.42718843
0.4271857
0.3488109
0.34202278
0.5075148
0.50751257
0.3922489
0.3411328
0.51460785
0.51460767
0.33729556
0.3671328
0.45893306
0.45893106
0.33653253
0.30348933
0.4711458
0.47114587
0.32191256
0.31979463
0.40334508
0.40334508
0.32701436
0.35695115
0.4602532
0.46025193
0.33743885
0.2986416
0.4349056
0.43490493
0.3536826
0.3325882
0.5413151
0.5413131
0.29886755
0.33895147
0.45019445
0.45019424
0.35533884
0.35023543
0.42481682
0.42481545
0.30938303
0.32399505
0.45960373
0.4596044
0.31810588
0.3474868
0.47874182
0.47874033
0.32659075
0.32598808
0.4956003
0.4955986
0.34530285
0.31766784
0.4552353
0.4552351
0.34499815
0.31748384
0.47009614
0.4700973
0.34734592
0.31293273
0.48414695
0.48414567
0.3282965
