0.37005323
0.3726462
0.27397746
0.31962052
0.3836839
0.3856702
0.3014452
0.2838024
0.35196346
0.32641286
0.2943657
0.45583978
0.39606068
0.29376325
0.29983583
0.3532405
0.34458402
0.30003357
0.29392043
0.5104772
0.3177964
0.29420432
0.3878443
0.36714733
0.29304767
0.30004445
0.48899105
0.36859265
0.32285246
0.29301924
0.3836968
0.45789394
0.31695604
0.33503604
0.46756625
0.35971072
0.28443724
0.30323702
0.38566977
0.37072778
0.28800538
0.3032278
0.48162097
0.4903381
0.30465943
0.29695743
0.35072985
0.31696457
0.43775538
0.30512986
0.35328
0.4963003
0.31222558
0.31327078
0.3664417
0.3625606
0.3148401
0.2832772
0.435535
0.3133716
0.30071175
0.38720432
0.3525402
0.29484645
0.29369888
0.41736722
0.4074616
0.3212622
0.28800476
0.38811547
0.3774804
0.31657
0.3213669
0.437983
0.4298453
0.31332222
0.3285006
0.4074625
0.40442175
0.2905247
0.34500706
0.42984596
0.4306251
0.339079
0.32558313
0.34900606
0.38811335
0.28138295
0.31044292
0.45823357
0.34612656
0.29996565
0.28904808
0.4628134
0.33573002
0.3142902
0.30870947
0.33894905
0.41237268
0.30900365
0.32447055
0.32602715
0.4301454
0.30481464
0.27371535
0.33605388
0.341488
0.29629853
0.31598327
0.45888984
0.33584633
0.29985964
0.29939055
0.45194232
0.44033828
0.318803
0.29435286
0.46344814
0.44110173
0.3288568
0.28862253
0.34907636
0.3460814
0.31430596
0.2959546
0.44819522
0.34404525
0.32715967
0.32660437
0.4886918
0.3381938
0.31379288
0.30458358
0.4031802
0.4094948
0.29946968
0.3488526
0.38842452
0.35758942
0.33527964
0.29865098
0.36596495
0.34029162
0.31906393
0.29744148
0.33916622
0.388425
0.3046762
0.35650128
0.3713821
0.3616066
0.3084039
0.32638317
0.36162618
0.3682961
0.32503214
0.28817022
0.37169814
0.3659647
0.31738174
0.34488735
0.38102823
0.3760126
0.28888342
0.2886582
0.3618707
0.36331564
0.33389306
0.34140417
0.42202967
0.37819114
0.32801005
0.29708645
0.41820464
0.35682783
0.31365353
0.3046503
0.37152007
0.41359186
0.30865374
0.3338809
0.376516
0.37138265
0.30946046
0.36243394
0.4684219
0.48468757
0.3371499
0.3215942
0.48062426
0.46829376
0.29018497
0.3019812
0.4743857
0.4839659
0.29928064
0.30855972
0.49508598
0.4470307
0.3075519
0.27257216
0.47436565
0.42619306
0.30542955
0.30105275
0.47809744
0.4743662
0.3355867
0.31269613
0.37778232
0.51082665
0.2690932
0.31915656
0.39295527
0.47194728
0.29409266
0.2844437
0.525175
0.41127592
0.27961862
0.2913096
0.3731131
0.47608078
0.28514063
0.29141456
0.36363775
0.39506158
0.3179136
0.29121578
0.38434023
0.4770975
0.29902247
0.29101816
0.5231693
0.48790324
0.29455066
0.31534365
0.49176827
0.3929551
0.31832707
0.2977946
0.49925202
0.52932215
0.2738885
0.32092178
0.51964283
0.38361475
0.31955922
0.28938034
0.40532234
0.37527162
0.26449218
0.40457305
0.4684447
0.27659515
0.2781948
0.48506138
0.38961503
0.29071277
0.31149992
0.35465944
0.3576249
0.2961261
0.30276558
0.37010625
0.5336739
0.28978518
0.29743448
0.5283843
0.3599132
0.30393595
0.281366
0.3523332
0.3648232
0.30289486
0.2990612
0.347908
0.39570642
0.28203684
0.37135756
0.51252353
0.30619013
0.32459372
0.3588619
0.3806255
0.3091343
0.30121368
0.3789451
0.43507564
0.3000243
0.3023472
0.34936917
0.3559276
0.28640956
0.2941566
0.4376982
0.3574516
0.30846915
0.3298204
0.3698024
0.36948073
0.29497692
0.30574
0.38209873
0.35854593
0.29868236
0.2825468
0.3683367
0.5179809
0.2796857
0.28483787
0.38500988
0.53009737
0.30107576
0.28199595
0.3771752
0.37200424
0.27539948
0.3054919
0.36482373
0.40073514
0.28461498
0.39143246
0.34753242
0.32773626
0.31887907
0.38519078
0.37624595
0.31926486
0.29525328
0.48494962
0.39332634
0.31635544
0.3062422
0.4525366
0.31281418
0.30142322
0.37961194
0.3737918
0.29738054
0.33872542
0.43537506
0.3792886
0.29612514
0.3007771
0.44591296
0.36586687
0.29691437
0.2970138
0.50067717
0.29619947
0.3933276
0.40703812
0.29140055
0.29554284
0.37458497
0.38519144
0.30674636
0.30572876
0.3721234
0.3908333
0.3229283
0.31889892
0.49660078
0.29781732
0.31273222
0.36862788
0.3064524
0.41522172
0.46496007
0.32757455
0.31433827
0.41561496
0.40763238
0.2907257
0.3298081
0.42155766
0.40942782
0.29399204
0.3450336
0.43577108
0.43477923
0.29595274
0.30732465
0.41107586
0.40452775
0.28810385
0.2853045
0.4201184
0.4158026
0.29032576
0.29132056
0.4229002
0.40732527
0.30751953
0.3334319
0.41952068
0.4210751
0.36237445
0.30181518
0.41192883
0.40555102
0.28875813
0.3143814
0.40849817
0.41107595
0.30392236
0.29719046
0.42696685
0.42290005
0.31528923
0.29604146
0.4175781
0.4184101
0.2981308
0.3046993
0.44492325
0.42953557
0.35925475
0.3392884
0.45831004
0.44390005
0.30792907
0.3118497
0.47264513
0.47880566
0.30964383
0.37231812
0.500931
0.5009323
0.29958716
0.31256074
0.4505168
0.44492605
0.3168218
0.29833227
0.44390202
0.40899044
0.31263325
0.34346473
0.573178
0.57144755
0.3828786
0.28232026
0.56349885
0.55782413
0.26818964
0.2707723
0.55621916
0.6158404
0.3145602
0.31464067
0.5714434
0.5731822
0.27278584
0.2983632
0.5613955
0.5935845
0.29027662
0.3024995
0.5935788
0.5635023
0.32045346
0.31887126
0.3948905
0.38553488
0.29565468
0.29707828
0.35582894
0.35541677
0.3061971
0.27966344
0.38814232
0.38668913
0.311476
0.3266695
0.46487015
0.34702596
0.30350038
0.31187424
0.5149585
0.38482705
0.29313478
0.2924321
0.39001906
0.34590328
0.2858688
0.29332256
0.50446135
0.33630878
0.32101074
0.30234584
0.49925023
0.49754933
0.32679874
0.27847803
0.50475055
0.51175284
0.28608587
0.2912412
0.5247725
0.5329714
0.28200352
0.5085662
0.34788588
0.2691108
0.33260995
0.39042798
0.37797293
0.2905983
0.3010225
0.40406847
0.41905588
0.289549
0.3227145
0.42440468
0.343143
0.30918527
0.27141193
0.41330191
0.3493972
0.31627262
0.30188072
0.3625057
0.4071291
0.30757987
0.28877398
0.45171735
0.3487427
0.31224257
0.26445833
0.3514236
0.35745013
0.31275606
0.3150034
0.48914582
0.5116701
0.27565444
0.2991836
0.38080934
0.37937322
0.29753464
0.32474795
0.60163695
0.59874463
0.3166035
0.27834845
0.36519852
0.569038
0.2876966
0.33414108
0.5429447
0.39173815
0.29212362
0.32064116
0.5513872
0.5702775
0.2725076
0.3001726
0.39349514
0.38940334
0.29634294
0.2995938
0.39694595
0.38613424
0.36150762
0.30940792
0.39678672
0.38149172
0.31754953
0.32360634
0.3859105
0.3967869
0.28837702
0.3515742
0.38149214
0.381171
0.32330474
0.28060314
0.4221657
0.39694482
0.30015856
0.29876998
0.44236508
0.43608686
0.27457792
0.30208802
0.4228992
0.4341083
0.31435797
0.29475582
0.42137796
0.44181764
0.27926517
0.28857073
0.4235685
0.45645413
0.27706888
0.3216494
0.43935812
0.43118668
0.30938622
0.30186158
0.43118653
0.46491984
0.29702547
0.27234858
0.51474124
0.49696204
0.29159218
0.31916884
0.49738193
0.5013276
0.29648882
0.3463117
0.49867356
0.5159376
0.33411866
0.31928697
0.4955817
0.50530654
0.3253879
0.29175028
0.501329
0.4691938
0.35417357
0.31014273
0.5083149
0.48002017
0.32110533
0.29101282
0.3642922
0.35185114
0.30411384
0.28944075
0.34941
0.36763787
0.29561695
0.30315658
0.35182267
0.35447618
0.27983496
0.29845724
0.43302435
0.416149
0.330649
0.29500562
0.3456952
0.40780446
0.28875467
0.26850697
0.34355155
0.35480794
0.29100087
0.30985248
0.35973534
0.34941044
0.32749683
0.3301852
0.35101137
0.35572848
0.30535617
0.30578277
0.36029312
0.34176537
0.31213784
0.30373287
0.35341644
0.40568757
0.29742244
0.34870324
0.39018402
0.3562072
0.30229598
0.30920804
0.33635265
0.42970014
0.32234493
0.3410736
0.3544756
0.3528365
0.28716144
0.31551465
0.48818752
0.43420133
0.33543018
0.28580868
0.34955725
0.37041208
0.2950322
0.28755823
0.5410146
0.34495792
0.2738128
0.2769426
0.34817335
0.48959175
0.3301694
0.33700415
0.35629863
0.322096
0.33384198
0.35324624
0.48617154
0.45315275
0.2931103
0.30237415
0.47034708
0.45839608
0.33224556
0.31862113
0.44076297
0.44676557
0.33225325
0.30244604
0.49401617
0.49313164
0.32383034
0.32926646
0.45839497
0.4940158
0.31744644
0.31655577
0.44809428
0.45761448
0.30402428
0.31475523
0.47853404
0.4611265
0.3221111
0.29523993
0.34930164
0.49540794
0.28896615
0.27783853
0.3704722
0.36076295
0.29724336
0.30852196
0.4611287
0.4745038
0.28454435
0.31354323
0.49309713
0.45244431
0.29233792
0.28303862
0.41991037
0.46296126
0.28560176
0.29633114
0.35117325
0.35309055
0.3262812
0.29088715
0.46399888
0.3546607
0.28402072
0.28678164
0.3539978
0.45095912
0.31645072
0.3100524
0.41454712
0.48215622
0.3163846
0.3077468
0.34212327
0.35241863
0.32767725
0.29720888
0.32530788
0.35518035
0.29674482
0.29058686
0.43888068
0.4766881
0.32223797
0.31146702
0.4382816
0.41368848
0.28869712
0.31374115
0.35517955
0.33319557
0.31011724
0.30277786
0.38414207
0.33162576
0.2923725
0.31586865
0.35403985
0.45336962
0.29259482
0.29109687
0.40158385
0.38327935
0.30954704
0.3003429
0.3284652
0.33535716
0.31280193
0.32264382
0.3652656
0.352459
0.3054034
0.33851862
0.3534858
0.3537383
0.33884963
0.3053852
0.42501923
0.34498543
0.35076553
0.3317591
0.33812186
0.34574685
0.33943826
0.3149676
0.35382667
0.33901232
0.31084648
0.3017769
0.34035465
0.33744448
0.33594707
0.3121653
0.3775451
0.3442643
0.30613697
0.31736654
0.3578281
0.34327674
0.30970043
0.31604552
0.3758139
0.39521357
0.31642392
0.30462497
0.34750205
0.35029837
0.30486777
0.301774
0.3398421
0.3561175
0.31242734
0.29803142
0.3418019
0.46449515
0.32328647
0.31506842
0.34219903
0.35362628
0.32752767
0.29480365
0.33744532
0.3522226
0.2847719
0.32580012
0.47260636
0.45540532
0.2881663
0.29071635
0.49345404
0.4566028
0.31938282
0.29833326
0.3421465
0.3610257
0.30398417
0.30959815
0.46115872
0.5082333
0.2744107
0.2973436
0.48930123
0.4727376
0.29327607
0.30915552
0.5006303
0.44926468
0.30338705
0.3138641
0.4630757
0.46911114
0.32756427
0.300179
0.48016107
0.48930308
0.27754125
0.31686953
0.471033
0.49227026
0.29466572
0.33854148
0.4244495
0.42188704
0.28845724
0.29923296
0.42189163
0.41822082
0.28067553
0.30924314
0.42188713
0.5039855
0.31991962
0.29106906
0.5952947
0.42445004
0.29554307
0.29004192
0.56236035
0.48033705
0.2777481
0.30867958
0.4551931
0.43644276
0.2807451
0.27402392
0.42698628
0.43403104
0.2927957
0.301076
0.48654398
0.44936264
0.31002626
0.29649302
0.4552673
0.44400406
0.28729853
0.29542005
0.47079483
0.44086102
0.29569092
0.29936588
0.44803655
0.4396134
0.29088226
0.29401976
0.4396135
0.48654595
0.32702467
0.29227787
0.44463158
0.4666568
0.31616232
0.3142081
0.42358437
0.4495626
0.29492557
0.32037345
0.4217429
0.42350322
0.3224283
0.3096822
0.49209028
0.4597863
0.3160491
0.32122582
0.456844
0.4446314
0.33757854
0.31619993
0.5266457
0.51155937
0.30968758
0.31308576
0.4624605
0.39325878
0.2894774
0.31900603
0.43776637
0.4624607
0.2882702
0.29154223
0.44052073
0.45382586
0.29920086
0.3505722
0.45757833
0.45427552
0.35106346
0.27639985
0.47591218
0.43348503
0.32100567
0.34044737
0.39884877
0.41069388
0.34162658
0.30309805
0.46951917
0.33430126
0.4004803
0.50815934
0.3189352
0.3002201
0.46297333
0.330421
0.30286798
0.48016307
