0.3811641
0.38332412
0.28899273
0.29665196
0.3945394
0.37960973
0.32346758
0.32419574
0.35690695
0.42045155
0.312384
0.31345755
0.3961388
0.38757908
0.3351092
0.33150858
0.42458254
0.37507245
0.32234022
0.32285717
0.40444303
0.35637945
0.3166758
0.33758882
0.43139833
0.36594218
0.30709332
0.36248383
0.38901654
0.31757504
0.33759686
0.36256874
0.41078678
0.3142795
0.30409884
0.37733036
0.39877918
0.34252173
0.33366463
0.3888793
0.39523375
0.32025734
0.3050383
0.4326244
0.41032413
0.3678481
0.30793884
0.41628388
0.44795296
0.33145034
0.34448302
0.37693205
0.39588034
0.310446
0.316861
0.3771762
0.4613128
0.32518086
0.4060426
0.5120444
0.36310372
0.32317102
0.37871882
0.401456
0.3334651
0.3618838
0.38224977
0.32994258
0.30537152
0.40703082
0.5166798
0.31058303
0.3363087
0.3626698
0.36820063
0.304272
0.32596797
0.58929193
0.5400111
0.32461655
0.34252968
0.38090527
0.3827097
0.3076623
0.3185885
0.41254616
0.40509945
0.31406307
0.3559923
0.40187705
0.3765515
0.32124922
0.31320032
0.39326957
0.38682002
0.3127006
0.31710792
0.37661034
0.401877
0.32030505
0.31747472
0.3601464
0.4278873
0.32201907
0.31492355
0.4404525
0.37733042
0.31413996
0.32445034
0.37425324
0.3804685
0.31611437
0.32887915
0.37425798
0.42586496
0.29443595
0.32685548
0.37984714
0.42340046
0.3221014
0.33281836
0.5243489
0.41582757
0.3195305
0.35775152
0.37497488
0.4018521
0.3157838
0.31450024
0.40311465
0.42775375
0.29906934
0.3159131
0.4342362
0.43076405
0.33333445
0.3220113
0.36961055
0.39197055
0.3233939
0.33701998
0.37047103
0.35351935
0.3533083
0.3074937
0.36876658
0.3977555
0.3189382
0.31711257
0.44459656
0.41422075
0.3368524
0.3215581
0.34978655
0.3562188
0.31859416
0.34501958
0.38115436
0.3787186
0.39350384
0.31861043
0.35621795
0.38320792
0.30777785
0.37878072
0.37421906
0.33979133
0.34096542
0.3934887
0.3627263
0.34219128
0.31635967
0.36093557
0.361399
0.3544018
0.30763793
0.37978572
0.37675664
0.33963254
0.35250267
0.38983887
0.38169795
0.36026615
0.33529288
0.36103094
0.37783146
0.3443847
0.33129925
0.43814123
0.39074808
0.3136108
0.30289075
0.45072317
0.41117606
0.3075396
0.35683155
0.39236626
0.39901522
0.29188883
0.33073208
0.36242744
0.40344453
0.325614
0.36709213
0.4013754
0.3315878
0.30678824
0.36551893
0.4733424
0.30296728
0.32102084
0.3931246
0.3985084
0.36184102
0.30742067
0.34832337
0.41748413
0.29100445
0.30782047
0.35736662
0.42428628
0.33613715
0.36082932
0.3717901
0.40108624
0.31300747
0.34127358
0.37438878
0.40953106
0.3308448
0.32695705
0.3813267
0.42176113
0.29737172
0.30496857
0.37592727
0.38037646
0.33676034
0.30973282
0.45896983
0.4341873
0.30939156
0.3519556
0.3812143
0.40751624
0.30839962
0.38715455
0.39807838
0.35354763
0.30761516
0.40724483
0.40041968
0.3352722
0.32073715
0.43780604
0.39228624
0.34802037
0.31329796
0.3855681
0.33668
0.3343218
0.33023533
0.3785393
0.35326722
0.2960535
0.3850108
0.34787863
0.31789014
0.31383437
0.42390764
0.3794762
0.3150183
0.3402391
0.4096876
0.36716646
0.32338345
0.3122505
0.37602007
0.3602434
0.32689074
0.3665135
0.43460408
0.4398309
0.3234011
0.34429616
0.43278432
0.40110603
0.35418355
0.33474827
0.42661372
0.36709687
0.30252787
0.32810664
0.40534678
0.39879075
0.3419931
0.33335617
0.39213616
0.3920103
0.3575378
0.3479886
0.3823616
0.39246896
0.31180078
0.39054194
0.34293425
0.42628583
0.4225019
0.29368326
0.34433737
0.37783873
0.44439933
0.30214623
0.31077152
0.4079037
0.37804627
0.29869568
0.29689816
0.40159515
0.5081264
0.31747752
0.3051849
0.4794265
0.37008446
0.31595513
0.32992712
0.38796923
0.41331258
0.36671105
0.30698997
0.47973105
0.49522275
0.30428252
0.39357445
0.41430134
0.34618542
0.3081063
0.39925227
0.447435
0.32418126
0.32055172
0.43985456
0.38378802
0.34017015
0.34224766
0.43567842
0.3818656
0.343022
0.32530963
0.39684978
0.4326206
0.37670276
0.3231524
0.40010086
0.46096277
0.30578154
0.3386764
0.36973193
0.46184352
0.35751203
0.29929352
0.395843
0.35964102
0.29418507
0.31699625
0.43082336
0.40149727
0.30943
0.33352986
0.42882213
0.44480488
0.29480028
0.33938277
0.4265054
0.3752731
0.33246216
0.36573616
0.39427644
0.37257242
0.3491422
0.3004126
0.45346543
0.44979668
0.35101786
0.3651833
0.45934856
0.36238575
0.30249926
0.34706223
0.49239767
0.4327967
0.36907032
0.3371535
0.42608795
0.45636144
0.30755746
0.32662013
0.44164023
0.38744974
0.3040179
0.33470622
0.43231404
0.42721713
0.37498352
0.32126102
0.41044655
0.4190041
0.2973422
0.3135949
0.4260984
0.42670703
0.35809037
0.3003696
0.48130462
0.41934696
0.33696365
0.347894
0.39564034
0.44680926
0.30637726
0.31185028
0.44533387
0.3533159
0.30425385
0.36028674
0.41836292
0.30908546
0.31351843
0.3911848
0.431003
0.3413223
0.38695398
0.36897647
0.35127833
0.3376996
0.47802117
0.4184746
0.35851225
0.34041777
0.37213364
0.3833829
0.2954615
0.30619922
0.39558762
0.44004288
0.33176443
0.30777836
0.43497244
0.4148758
0.3613991
0.33925453
0.4093114
0.36994356
0.29268304
0.4043383
0.39772597
0.34154505
0.31182447
0.45920178
0.4355441
0.33338025
0.31802425
0.3984462
0.3815014
0.36490136
0.33068278
0.4010854
0.4485022
0.37414163
0.33591828
0.40659526
0.39074072
0.31778413
0.4277996
0.41993955
0.31699744
0.3188818
0.43352857
0.37746227
0.3163768
0.31020975
0.37670583
0.37588233
0.31616113
0.3435519
0.44557846
0.4308021
0.34507236
0.35721847
0.43218648
0.42462707
0.3387372
0.33047047
0.3875395
0.43085337
0.34236965
0.3161955
0.3648566
0.4259775
0.2921314
0.34682015
0.40214923
0.35229832
0.32181224
0.35418332
0.3712306
0.33767816
0.3264353
0.37637687
0.38329315
0.32761288
0.33452675
0.36541215
0.3751635
0.30812654
0.33569536
0.38104242
0.3900272
0.32740015
0.3157524
0.3900272
0.3106072
0.37860465
0.35418397
0.345348
0.32599568
0.39159545
0.35921085
0.33708778
0.32640597
0.39372045
0.3915966
0.36595514
0.29532102
0.3869381
0.36747435
0.3139742
0.33939782
0.39404026
0.40247265
0.3039224
0.35682678
0.40789267
0.4004848
0.32037768
0.3035491
0.41067502
0.41353253
0.30427572
0.34616098
0.4178366
0.41362303
0.33442265
0.3882636
0.44406682
0.31864297
0.2948779
0.38198334
0.4091794
0.35649765
0.30618423
0.38027045
0.39516
0.3073939
0.33553368
0.365144
0.37753978
0.3361136
0.3262101
0.33428222
0.38066453
0.314637
0.31556728
0.36852342
0.38172665
0.35788837
0.34017292
0.3540084
0.3572317
0.33981147
0.35628137
0.35723317
0.35100824
0.36545855
0.37324604
0.37117168
0.37352687
0.34070212
0.39186645
0.37810498
0.34067604
0.33141375
0.36423433
0.35068724
0.34905052
0.3173313
0.38616577
0.3952762
0.33595875
0.3342386
0.3955527
0.3944331
0.29896808
0.32764477
0.39921358
0.395553
0.34307864
0.35043716
0.44672093
0.47935855
0.29960218
0.44170597
0.41667584
0.3067877
0.327029
0.40799683
0.48052338
0.30421233
0.3297222
0.41299823
0.47384453
0.32966372
0.3508894
0.37997025
0.4467216
0.35443896
0.3611059
0.4111648
0.41705766
0.37354192
0.31069177
0.41705856
0.44170684
0.32641837
0.31365
0.41735044
0.41299877
0.33329865
0.35457075
0.46645337
0.44346982
0.38065284
0.311513
0.44281316
0.49076173
0.33764514
0.29630187
0.45161682
0.44704396
0.31596747
0.31829667
0.44053465
0.47459042
0.29627594
0.30484334
0.35600993
0.33267528
0.32293454
0.38257694
0.3227042
0.34865034
0.36642945
0.32508865
0.356009
0.38733262
0.3243363
0.35777014
0.4271985
0.37935132
0.31591
0.40558422
0.39988273
0.3236381
0.30602932
0.39166123
0.39337263
0.32798323
0.29705963
0.40361503
0.39553353
0.31199616
0.35246053
0.41234833
0.47104338
0.33197695
0.34928614
0.471044
0.44454873
0.3164776
0.3203608
0.39949572
0.39179462
0.30860883
0.3552185
0.41291022
0.41732362
0.32397982
0.30907607
0.4015095
0.42190406
0.31845206
0.35859975
0.39179447
0.42207682
0.31313366
0.3313882
0.40309778
0.45123464
0.32837522
0.32194248
0.48870674
0.4743434
0.31320065
0.32165852
0.34747994
0.3607215
0.40813372
0.34079245
0.30594522
0.30519742
0.3903171
0.29455766
0.32351553
0.38617143
0.38075712
0.29672283
0.3377238
0.43283954
0.32787037
0.34226012
0.31930164
0.40792957
0.44255355
0.2915064
0.30337152
0.43903765
0.44225305
0.32789415
0.34687907
0.3824093
0.3971147
0.3353302
0.3375461
0.37331307
0.46586928
0.32429636
0.3240612
0.49187595
0.3878514
0.32388902
0.32271007
0.47273815
0.39329773
0.3787387
0.36886957
0.3864915
0.38590148
0.3416657
0.3142376
0.3863153
0.37331232
0.31385845
0.28603202
0.38724557
0.3914999
0.31248417
0.31910703
0.39941162
0.38649145
0.31315133
0.30503908
0.40794194
0.41371298
0.34149665
0.3342443
0.40464562
0.45359716
0.34266528
0.34191462
0.47136545
0.4710866
0.37161803
0.40262863
0.45656064
0.3286156
0.32084134
0.4086815
0.40032184
0.33326837
0.31294692
0.45656124
0.41009772
0.32862383
0.4003216
0.4266474
0.33183515
0.36755383
0.40574464
0.3920301
0.3585711
0.33429918
0.4169437
0.383385
0.32541674
0.32229358
0.4335578
0.45199287
0.33571368
0.3553553
0.49187687
0.464865
0.33257732
0.34306735
0.44870615
0.42427254
0.3689622
0.31396943
0.4504381
0.4471163
0.32146087
0.3563218
0.46346977
0.4384259
0.3686274
0.48975295
0.40556362
0.33183825
0.31163213
0.4086437
0.42102644
0.30655724
0.3326034
0.4542601
0.44084552
0.38475448
0.3060658
0.46461385
0.42151743
0.30379087
0.3523039
0.4627781
0.4394334
0.33301562
0.2957089
0.39833382
0.42223212
0.34591296
0.32075652
0.42339644
0.4694557
0.30813414
0.3293148
0.46195522
0.45571497
0.3609281
0.37883896
0.43345466
0.40916234
0.34195918
0.31016466
0.4229675
0.46163157
0.33875173
0.31608224
0.48502746
0.48162144
0.334128
0.36060175
0.39133987
0.42190662
0.3348207
0.34266886
0.44457135
0.4046233
0.32914454
0.32305548
0.47504312
0.48821718
0.30042776
0.33555028
0.43670827
0.54766923
0.3195656
0.3213657
0.48407432
0.43228135
0.324839
0.3268507
0.4922861
0.41111398
0.33924124
0.33093885
0.4931801
0.42221737
0.32182336
0.3533347
0.48303655
0.42849872
0.33394605
0.36210108
0.41468638
0.45814562
0.32887486
0.36934447
0.41694656
0.39867347
0.3528106
0.32326233
0.41602087
0.49798748
0.35546255
0.32119885
0.41166177
0.54669803
0.3645345
0.4566512
0.451021
0.3050337
0.31928837
0.42864534
0.45698535
0.33714283
0.32224402
0.4833418
0.417871
0.32122138
0.33853453
0.4042454
0.430698
0.32076827
0.34402418
0.43100476
0.4597347
0.30155206
0.31846195
0.4515873
0.3997169
0.37060845
0.313765
0.43025297
0.4365081
0.3237565
0.35296628
0.43357876
0.4408182
0.31393564
0.33172914
0.42855683
0.40571618
0.32048017
0.3177525
0.40876806
0.5131503
0.32959312
0.36234692
0.44501457
0.44437993
0.32506797
0.32873124
0.4364471
0.43549022
0.3333347
0.3493718
0.41828346
0.4924851
0.33082685
0.34139302
0.4364613
0.4022273
0.35521802
0.29815766
0.44610408
0.42464253
0.33981538
0.32653785
0.47550827
0.44633228
0.30447063
0.40749153
0.46098587
0.3353266
0.33018404
0.44900894
0.42424297
0.33541304
0.37218788
0.40710276
0.48671365
0.32146293
0.3483478
0.3999978
0.48111823
0.35211125
0.33706763
0.44264725
0.37658253
0.30806157
0.32483628
0.560891
0.39168632
0.356547
