./mask\0F806375-F76D-473E-8F9A-A9A75D63A1AB_-_Kanishka_Fernando.jpeg 116 175 304 407 170 265 252 265 213 309 183 355 240 355
./no_mask\20210403_133458-1_-_ishaka_nayani.jpg 548 222 903 677 632 395 803 405 708 505 655 577 773 585
./no_mask\89EC6A42-E0DE-4F6D-9552-BFC7ADF2DDA4_-_Kanishka_Fernando.jpeg 125 178 309 432 183 272 267 272 233 312 193 365 262 364
./mask\PXL_20210331_060011648.PORTRAIT_-_Isuru_Fernando.jpg 1328 515 2025 1408 1519 830 1858 845 1686 1038 1553 1189 1792 1201
./mask\1617179102267_-_Nuwan_Janaka.jpg 918 1595 2138 2975 1279 2117 1852 2110 1608 2347 1392 2666 1797 2654
./no_mask\IMG_0606_-_Rajith_Vidanaarachchi.jpg 692 961 1608 2301 919 1481 1350 1465 1137 1757 994 1989 1322 1973
./no_mask\1617179102215_-_Nuwan_Janaka.jpg 856 1660 2102 3429 1202 2266 1800 2267 1525 2606 1276 2968 1753 2966
./mask\20210331_163349_-_Kalani_Udara.jpg 797 768 1753 2031 1063 1279 1530 1272 1305 1553 1125 1772 1460 1764
./mask\1617270784245195066132466271235_-_Chinthy.jpg 497 971 1612 2399 793 1486 1332 1513 1051 1807 845 2069 1232 2092
./no_mask\20210331_163358_-_Kalani_Udara.jpg 753 649 1702 1972 1038 1172 1482 1141 1310 1403 1103 1648 1480 1618
./no_mask\16172707455833633970720171016346_-_Chinthy.jpg 522 864 1603 2317 791 1386 1298 1420 995 1671 796 1936 1207 1964
./mask\16172723444766626185185635747383_-_Shashini_Navodya_1.jpg 772 798 1248 1448 908 1069 1140 1064 1034 1194 939 1306 1106 1302
./no_mask\16172720901192017783232369798767_-_Shashini_Navodya_1.jpg 766 801 1218 1448 895 1060 1108 1054 1011 1175 919 1291 1094 1287
./mask\1C6ECC26-27E4-4B14-A812-DDBE030425CB_-_Nuran_Kasthuriarachchi_1.jpeg 924 597 1765 1618 1142 984 1529 995 1323 1144 1197 1371 1483 1378
./mask\16177783532106105481068693696341_-_Gayangi_Seneviratne_1.jpg 968 1334 2063 2719 1244 1845 1742 1833 1478 2101 1329 2386 1695 2371
./no_mask\20210401_210640_-_Hasala_Marakkalage.jpg 417 801 1437 2178 659 1293 1139 1334 843 1616 682 1846 1037 1881
./no_mask\16177783326457542761150633734902_-_Gayangi_Seneviratne_1.jpg 891 1432 2356 3307 1232 2160 1919 2100 1578 2496 1345 2855 1916 2802
./mask\16177784716477515725663193491176_-_Gayangi_Seneviratne.jpg 843 1317 2221 3194 1219 2062 1875 2092 1539 2479 1237 2713 1810 2736
./no_mask\20210331_110644_-_indika_gunasekara.jpg 981 1336 3193 4433 1505 2574 2572 2560 2017 3222 1600 3663 2524 3648
./no_mask\161777844312810959081713526551_-_Gayangi_Seneviratne.jpg 745 1266 2337 3469 1178 2114 1933 2196 1510 2626 1133 2869 1806 2939
./mask\IMG-20210331-WA0003_-_Sanka_Rasnayaka.jpg 195 401 628 995 314 641 519 642 420 763 327 849 503 850
./mask\16186347472951060366166620761610_-_Shashini_Navodya.jpg 586 847 1166 1567 744 1087 1020 1118 861 1259 750 1386 943 1412
./no_mask\16186346537091180039572659175389_-_Shashini_Navodya.jpg 385 914 1070 1827 594 1250 907 1268 754 1386 597 1571 862 1586
./mask\IMG_20210331_165848_-_Nirupama_De_Mel.jpg 995 1833 2365 3534 1373 2433 2022 2455 1708 2733 1456 3097 1955 3111
./no_mask\D907CC0D-8EF2-4492-9299-22F283A4EBE9_-_Nuran_Kasthuriarachchi_1.jpeg 975 553 1753 1642 1198 970 1556 968 1386 1156 1234 1378 1511 1376
./mask\E136E5A0-4444-496D-BA4A-02AE8BB57ACC_-_Revere_Yiow.jpeg 693 207 1048 658 788 402 959 392 877 489 815 570 940 561
./mask\20210331_110635_-_indika_gunasekara.jpg 838 1430 3210 4434 1438 2625 2583 2622 2007 3271 1547 3727 2475 3723
./no_mask\20440D65-A502-4210-9284-0DE74F424A8D_-_Shenal_Senarath.jpeg 1172 1810 1946 2986 1359 2286 1724 2283 1531 2507 1384 2669 1715 2667
./no_mask\no-mask_-_Ishan_Somasiri.jpg 423 251 669 591 485 377 599 378 536 434 500 511 580 511
./mask\20210331_214305_-_Erandathie_Gamage.jpg 816 659 1656 1747 1006 1101 1406 1100 1180 1315 1077 1517 1358 1514
./mask\20210331_185419_-_Vipula_Dissanayake.jpg 774 1004 2184 2780 1132 1680 1816 1689 1460 2047 1189 2360 1728 2368
./no_mask\D93D358E-B467-48EE-AB47-B0B2176081C9_-_Revere_Yiow.jpeg 698 199 1058 710 803 394 971 390 897 490 825 586 957 581
./no_mask\20210331_185429_-_Vipula_Dissanayake.jpg 770 622 2131 2474 1140 1306 1800 1340 1462 1708 1162 1986 1716 2015
./no_mask\C2E8E6A4-4FED-4453-A9F3-C5ED4542A43A_-_Thushara_Sandakalum.jpeg 258 397 669 958 370 600 564 602 465 690 386 816 535 817
./no_mask\20210331_214240_-_Erandathie_Gamage.jpg 802 636 1722 1857 1051 1123 1487 1122 1277 1395 1104 1573 1444 1569
./mask\20210401_210609_-_Hasala_Marakkalage.jpg 319 960 1374 2327 583 1482 1095 1520 805 1781 591 1983 1008 2017
./no_mask\IMG-20210331-WA0002_-_Sanka_Rasnayaka.jpg 182 385 658 1055 308 601 538 603 424 746 340 886 503 887
./mask\PXL_20210331_064739548_-_Danula_Hettiachchi.jpg 682 942 1710 2229 952 1450 1438 1439 1192 1764 1046 1986 1355 1975
./mask\20210401_225631_-_Tan_hua_fong.jpg 585 1434 1510 2472 832 1746 1293 1789 1050 2011 882 2224 1191 2260
./no_mask\20210401_225637_-_Tan_hua_fong.jpg 571 1400 1472 2592 812 1779 1253 1806 1027 2036 841 2264 1192 2285
./mask\IMG_20210403_150644_-_Naduni_Navodya.jpg 223 338 465 657 280 466 390 460 331 519 298 582 383 575
./mask\20210402_213011_-_chaluka_sewmini.jpg 225 193 550 614 331 341 478 349 416 411 345 501 462 507
./no_mask\PXL_20210331_055940950.PORTRAIT_-_Isuru_Fernando.jpg 1143 526 1920 1656 1375 976 1732 987 1562 1213 1398 1379 1686 1388
./no_mask\20210402_213027_-_chaluka_sewmini.jpg 239 252 519 639 328 390 456 407 394 460 323 523 438 537
./mask\IMG_20210331_124753_-_viraj_Herath.jpg 976 1340 2306 3022 1304 1925 1961 1953 1615 2282 1393 2641 1857 2665
./mask\20210403_133853-1_-_ishaka_nayani.jpg 588 236 995 743 680 431 869 423 762 513 703 622 845 613
./no_mask\IMG_20210403_150620_-_Naduni_Navodya.jpg 211 322 444 652 270 456 377 449 323 513 285 574 372 567
./mask\20210408_112117_-_Pamuditha_Himan.jpg 1613 1406 3165 3243 1961 2072 2713 2082 2289 2413 2074 2823 2601 2830
./no_mask\20210408_112059_-_Pamuditha_Himan.jpg 1653 1277 3310 3467 2051 2020 2838 2018 2393 2391 2081 2846 2743 2847
./mask\49038FE7-665D-4235-BF1D-3C6EADF9A494_-_Shenal_Senarath.jpeg 1138 1455 1946 2573 1353 1876 1718 1904 1508 2121 1374 2291 1632 2316
./no_mask\Hansi_without_mask_-_Hansi_Jayasinghe.jpg 505 456 1040 1220 636 748 881 758 735 873 635 1015 850 1023
./mask\BeautyPlus_20210403134951813_save_-_Thisanja_Damdini.jpg 258 428 910 1302 429 787 740 772 592 985 478 1114 716 1098
./no_mask\BeautyPlus_20210403135039701_save_-_Thisanja_Damdini.jpg 156 456 607 1099 289 731 504 722 413 856 311 944 500 935
./mask\inbound4939841217467280249_-_Kulakshi_Fernando.jpg 706 1001 1614 2136 944 1452 1382 1452 1157 1699 1000 1896 1315 1894
./mask\FFE46879-FC48-4E8F-8C87-04CEA5830392_-_Thushara_Sandakalum.jpeg 246 363 688 916 370 585 586 583 486 694 402 804 558 801
./no_mask\nomask_-_Zefeng_Li.jpg 311 619 909 1449 462 932 746 934 594 1121 488 1250 713 1250
./mask\Hansi_Mask_-_Hansi_Jayasinghe.jpg 689 599 1425 1539 874 923 1230 932 1041 1135 907 1301 1181 1308
./mask\IMG_0605_-_Rajith_Vidanaarachchi.jpg 660 840 1640 2139 910 1389 1375 1359 1146 1626 980 1866 1338 1839
./no_mask\PXL_20210401_111952571_-_Madawa_Soysa.jpg 595 858 1952 2807 915 1582 1578 1607 1206 2085 939 2296 1511 2319
./mask\Mask_-_The_Jenman.jpg 569 802 1382 1794 775 1198 1166 1199 961 1419 828 1591 1103 1590
./mask\IMG_20210331_095141_-_Sanka_Rasnayaka_1.jpg 2427 1072 3623 2529 2768 1589 3327 1578 3066 1916 2863 2188 3240 2178
./no_mask\IMG_20210331_095128_-_Sanka_Rasnayaka_1.jpg 2685 900 3881 2489 3012 1488 3585 1456 3326 1784 3109 2116 3542 2087
./no_mask\IMG_20210331_124726_-_viraj_Herath.jpg 967 1121 2301 2935 1354 1793 1995 1794 1702 2108 1422 2490 1918 2488
./mask\IMG_20210331_164312_-_Ridwan_Shariffdeen.jpg 1194 991 2409 2445 1486 1613 2073 1587 1767 1906 1589 2183 1993 2158
./no_mask\IMG_20210331_164246_-_Ridwan_Shariffdeen.jpg 1182 945 2478 2750 1513 1644 2112 1621 1809 1978 1577 2291 2084 2270
./no_mask\IMG_20210331_165820_-_Nirupama_De_Mel.jpg 1095 1552 2340 3325 1474 2236 2037 2237 1786 2564 1520 2870 1998 2866
./mask\IMG_5876_-_nethmi_kasthuriarachchi.jpg 589 504 1648 1818 846 1024 1337 1019 1075 1281 921 1536 1270 1529
./no_mask\IMG_5875_-_nethmi_kasthuriarachchi.jpg 597 541 1664 2019 864 1142 1377 1133 1120 1466 913 1657 1360 1646
./no_mask\inbound555301667090185351_-_Kulakshi_Fernando.jpg 690 737 1683 2138 957 1285 1420 1291 1184 1557 1008 1817 1349 1821
./mask\inbound7543145564653954260_-_Kasun_Fernando.png 67 59 156 181 90 109 133 109 111 135 96 155 127 155
./no_mask\inbound3429790042278518875_-_Kasun_Fernando.png 65 54 156 189 88 109 131 108 109 137 94 160 125 159
./no_mask\No_Mask_-_The_Jenman.jpg 577 561 1471 1775 811 1026 1241 1049 1013 1317 821 1462 1187 1482
./mask\mask_-_Zefeng_Li.jpg 299 542 864 1302 460 849 726 846 603 996 496 1140 689 1137
./no_mask\PXL_20210331_064830388_-_Danula_Hettiachchi.jpg 740 877 1790 2277 995 1428 1500 1413 1243 1683 1060 1945 1460 1930
./mask\PXL_20210401_112015165.MP_-_Madawa_Soysa.jpg 493 943 1828 2655 812 1610 1436 1603 1094 1946 855 2226 1383 2219
./mask\Snapchat-370837164_-_Savidya_Subasinghe.jpg 244 369 484 681 307 489 421 487 366 540 329 609 411 606
./no_mask\Snapchat-592303335_-_Savidya_Subasinghe.jpg 225 353 469 686 304 478 415 498 356 544 293 589 391 605
./mask\WhatsApp_Image_2021-04-01_at_18.09.08_-_Nuran_Kasthuriarachchi.jpeg 297 378 748 921 411 580 632 573 526 686 452 807 607 800
./no_mask\WhatsApp_Image_2021-04-01_at_18.08.48_-_Nuran_Kasthuriarachchi.jpeg 282 374 727 1000 394 596 599 591 489 717 413 838 581 832
./mask\with_mask_-_Ishan_Somasiri.jpg 407 260 653 581 469 384 583 378 525 433 491 503 577 498
