0.41997448
0.362668
0.41997194
0.36217037
0.46459332
0.41450503
0.4722586
0.39988267
0.45616162
0.41985002
0.4772646
0.40401757
0.38767323
0.40594563
0.41827893
0.4229537
0.41827706
0.37792483
0.43653378
0.422964
0.45107833
0.3628365
0.43653333
0.40778187
0.46481815
0.38668904
0.4648191
0.41051102
0.43025663
0.40908313
0.43025395
0.38331923
0.40683925
0.3843523
0.41547394
0.40981805
0.41547462
0.4137367
0.41581154
0.41088995
0.46149945
0.3936679
0.45047307
0.4054717
0.4615014
0.38042763
0.45976242
0.3899872
0.45976034
0.37192616
0.47286233
0.4121627
0.47286543
0.38563144
0.47199145
0.3941095
0.49529514
0.38895687
0.49529698
0.43346158
0.40078792
0.3546449
0.4503459
0.39013472
0.45034537
0.37969947
0.40440634
0.4161373
0.40440485
0.37617505
0.3707242
0.40098557
0.4550438
0.3685708
0.41860124
0.40946975
0.38801798
0.38951027
0.41788232
0.3858664
0.3894455
0.3896356
0.38515976
0.39003408
0.36899802
0.36628833
0.4019605
0.4239641
0.37097815
0.3514332
0.588792
0.37832895
0.5887923
0.35338798
0.3860607
0.39796636
0.44217193
0.4031508
0.38606218
0.41265354
0.46488154
0.37848887
0.4163982
0.40102518
0.42051128
0.4031532
0.43231335
0.43069097
0.41004142
0.3975463
0.38967696
0.40161014
0.41860715
0.42203772
0.44075933
0.42102456
0.42439806
0.41048035
0.4027958
0.39747533
0.377908
0.38754752
0.41836432
0.4010705
0.42706528
0.40172264
0.40311325
0.4108564
0.37034392
0.38964427
0.41084862
0.36180648
0.43012723
0.39522073
0.42234802
0.40992323
0.4231433
0.3853482
0.41099834
0.40624842
0.426658
0.4130702
0.40549245
0.38301316
0.4171022
0.40406382
0.4197385
0.3953394
0.4405485
0.38260373
0.36867067
0.36455926
0.40172473
0.38465297
0.42518124
0.394217
0.4171025
0.38577053
0.41180304
0.41407588
0.41012618
0.4203873
0.4233124
0.40967622
0.3931562
0.3685449
0.5082459
0.3885473
0.39315435
0.36758146
0.44638696
0.3950932
0.4281567
0.41477728
0.4209831
0.41849232
0.4327174
0.43529972
0.41568246
0.39787877
0.397627
0.3815165
0.41418886
0.41004887
0.41254473
0.42399764
0.41567978
0.39481798
0.4168013
0.37529305
0.43910944
0.41654304
0.45508027
0.4359491
0.38175178
0.3678602
0.43722343
0.4090663
0.46091315
0.41332722
0.38200012
0.38165995
0.44779953
0.42259595
0.3823266
0.40459332
0.43609866
0.43144122
0.39696625
0.41713595
0.3969643
0.41735557
0.4094654
0.36730996
0.40946627
0.37420273
0.45141128
0.36221337
0.4514109
0.38922706
0.42721093
0.37494445
0.4245799
0.41353545
0.42457834
0.4057323
0.46091983
0.4387845
0.38117805
0.3644016
0.4286083
0.36333075
0.3768827
0.38923156
0.44298145
0.42048588
0.4579985
0.40732694
0.45799574
0.37130544
0.42549452
0.39940944
0.41026965
0.3999083
0.43720892
0.40634242
0.44020692
0.38468328
0.42656827
0.3788465
0.3902932
0.38179263
0.41027197
0.42150745
0.45772493
0.40126172
0.40882835
0.4033886
0.44660518
0.40851393
0.3855213
0.3973014
0.4130042
0.40930995
0.42053232
0.40848628
0.46863225
0.3972094
0.42053458
0.40142384
0.44474313
0.39262882
0.42647132
0.40703425
0.44384527
0.4165546
0.4272368
0.3693322
0.42723814
0.4014112
0.40612864
0.3900137
0.4583374
0.39721525
0.43229923
0.4196889
0.43229723
0.39545798
0.46401128
0.41716978
0.41035637
0.40831318
0.4575055
0.40393856
0.4571024
0.4319924
0.45710278
0.41476688
0.4567736
0.3895944
0.42333674
0.39980838
0.3949841
0.41575786
0.44115317
0.38808832
0.41733435
0.36456272
0.40448216
0.36545828
0.4109002
0.38445285
0.44916475
0.36898947
0.40149865
0.39944816
0.38995877
0.41332436
0.4069189
0.38195726
0.41728923
0.39553878
0.4203414
0.39339256
0.44227353
0.40204832
0.40796566
0.3543854
0.42296228
0.4155158
0.41775203
0.36770168
0.38457313
0.41176248
0.42424297
0.38737878
0.39712918
0.41562414
0.40861902
0.37625352
0.46496296
0.38413262
0.40575352
0.40554842
0.44274423
0.40255713
0.39221203
0.36367127
0.4503621
0.4001938
0.37863818
0.379413
0.38645157
0.3894433
0.40569296
0.3803225
0.40415597
0.40572998
0.36439696
0.39746347
0.40943447
0.4174701
0.42617986
0.38822225
0.41679803
0.38224137
0.39371952
0.39805517
0.39615032
0.4172376
0.41779152
0.40214428
0.40293086
0.37913942
0.404646
0.39187518
0.40946317
0.38283515
0.40696523
0.37798953
0.3945868
0.40003908
0.40696493
0.37578967
0.45884737
0.40642095
0.42085496
0.39625207
0.49428868
0.38790402
0.46960247
0.40543684
0.49429092
0.4126774
0.43543324
0.40282202
0.43543115
0.4020469
0.43209887
0.3856984
0.43210098
0.41408315
0.4005648
0.4078193
0.44671378
0.40346667
0.41349888
0.41071668
0.42167592
0.361963
0.43332434
0.41799864
0.3852292
0.3523897
0.4438517
0.3762759
0.3920705
0.3974835
0.39286557
0.37126157
0.39903525
0.38226238
0.43062994
0.37009943
0.48263636
0.3676827
0.38742158
0.3958435
0.38747373
0.37180412
0.35755482
0.35950914
0.3790156
0.4272356
0.4547088
0.41723475
0.38982067
0.38195372
0.37901473
0.3617942
0.3764805
0.38573763
0.39833102
0.37777686
0.39833084
0.39685044
0.4210355
0.42321017
0.41000724
0.40686333
0.45015207
0.39647612
0.4001956
0.39058924
0.39395335
0.4024203
0.4271965
0.3989924
0.4519868
0.37508202
0.40151235
0.40212932
0.41044983
0.40389523
0.41240808
0.3831587
0.4663631
0.39362922
0.42738357
0.40899011
0.38422108
0.3861451
0.46738973
0.40926525
0.43523598
0.38772842
0.41885257
0.38338304
0.37720022
0.35677323
0.39152065
0.42501262
0.42700803
0.3944024
0.420681
0.38774577
0.4206809
0.41306424
0.41599953
0.42540336
0.4408034
0.4094915
0.44215044
0.36704853
0.44215116
0.41054058
0.422156
0.41676247
0.4408914
0.411212
0.4131483
0.4066311
0.41339302
0.40890715
0.41526464
0.4053
0.41339186
0.42133346
0.43392578
0.43173885
0.42903873
0.36891317
0.42066756
0.40738377
0.406461
0.40313864
0.3929318
0.41781393
0.38854375
0.39210758
0.4357058
0.45317864
0.51075095
0.40432873
0.44495618
0.3826584
0.45714554
0.41379952
0.40249768
0.41693005
0.41825196
0.38285175
0.42188922
0.39508757
0.4378169
0.4059075
0.42446604
0.37138188
0.42446306
0.39083347
0.44526854
0.38860622
0.4452695
0.38988897
0.43717524
0.4199699
0.4498106
0.39405867
0.40199277
0.38829517
0.4371749
0.3884242
0.43031207
0.40328375
0.48095056
0.41407487
0.44799855
0.3959221
0.47803423
0.37516728
0.43963692
0.39776996
0.4396361
0.37645623
0.40171054
0.4004331
0.39071846
0.39020696
0.4175435
0.39240178
0.3958919
0.40002754
0.4091053
0.39815804
0.38067785
0.4063804
0.41607055
0.4000999
0.39182687
0.369759
0.41456053
0.3960066
0.38877735
0.3731188
0.41087937
0.42238238
0.39757428
0.40801194
0.37960768
0.40113154
0.37960804
0.3988445
0.40894148
0.3888143
0.4509356
0.39002562
0.40614426
0.37882218
0.43697986
0.39105153
0.39977393
0.41746354
0.40024495
0.39524436
0.41831088
0.39232114
0.42634532
0.3925697
0.40549603
0.38814083
0.40307558
0.38558003
0.4136406
0.42210278
0.41126785
0.39457884
0.41379154
0.40904018
0.42628
0.43302837
0.43383765
0.3850025
0.42124104
0.38836086
0.41336843
0.41049942
0.4228915
0.40088534
0.4117861
0.39671218
0.42506394
0.382543
0.40307602
0.3915254
0.4274952
0.40754882
0.41149187
0.38123038
0.41149232
0.41311136
0.46030274
0.40426388
0.39054406
0.408481
0.39857864
0.37159264
0.39561737
0.3550527
0.39561948
0.36975607
0.4643806
0.40896797
0.44780326
0.4198142
0.42778444
0.427901
0.4259683
0.36204755
0.41289476
0.39306292
0.43910742
0.40052077
0.42888665
0.4049602
0.4171056
0.4134164
0.40427783
0.38679078
0.44853422
0.42749786
0.44707438
0.3845295
0.44853255
0.40108004
0.42320797
0.37783897
0.45245883
0.37555113
0.41730198
0.39166835
0.3827624
0.39150015
0.40709472
0.4265277
0.39702487
0.3863449
0.3948767
0.38306573
0.4070939
0.3986678
0.38642097
0.40235448
0.37691864
0.3672541
0.4019415
0.36930862
0.38171634
0.3699948
0.39157534
0.38187304
0.40194333
0.3873569
0.38612962
0.37822953
0.40100017
0.3917315
0.4408425
0.3869737
0.4268657
0.41679597
0.45015466
0.3939754
0.410103
0.42821658
0.37952244
0.3555405
0.4505799
0.40675583
0.45271397
0.40680757
0.5009725
0.42697653
0.4535421
0.4412099
0.43163946
0.39630878
0.43151274
0.42617643
0.4111655
0.40267792
0.39923504
0.3733727
0.40202472
0.39003912
0.39401683
0.39556947
0.42679003
0.4211491
0.4316816
0.43583348
0.46905446
0.3897458
0.457316
0.39518932
0.4573152
0.4019635
0.46164313
0.41494548
0.39802846
0.39844593
0.3980273
0.3881441
0.452503
0.4355344
0.4527285
0.37680218
0.4010036
0.40157592
0.37268123
0.38129398
0.3806896
0.40143952
0.37268102
0.3887302
0.5227935
0.3987708
0.52279633
0.39895272
0.42806053
0.38597974
0.42660847
0.39115652
0.3998864
0.40894213
0.43147886
0.3946353
0.4174069
0.393075
0.41171074
0.39841458
0.42027327
0.3673655
0.42027625
0.39614925
0.44607875
0.37365317
0.42369318
0.40243363
0.40808
0.40445033
0.40986374
0.3933346
0.3832612
0.38906518
0.44680858
0.40340197
0.39480445
0.39122406
0.42020783
0.37883654
0.40535322
0.3925061
0.46869156
0.42646202
0.3777109
0.3838955
0.41154015
0.35847282
0.38067892
0.40958843
0.3991505
0.38803852
0.39663133
0.3913506
0.4780475
0.37709102
0.38470426
0.37639675
0.45456663
0.43312863
0.38380197
0.38576117
0.42501518
0.41339675
0.44821763
0.38728616
0.3953476
0.37601528
0.37615356
0.37348604
0.39335284
0.39822033
0.4144949
0.39164624
0.3836565
0.36745414
0.37571314
0.36666194
0.37423742
0.35430798
0.41440257
0.39385954
0.40763748
0.40292296
0.5099161
0.39638245
0.5099182
0.3796967
0.47841167
0.38665488
0.47841284
0.41616556
0.41405877
0.37484643
0.41405892
0.39710566
0.40253103
0.44359103
0.5134525
0.39252654
0.47533405
0.41720247
0.47076032
0.3968202
0.39934483
0.399083
0.39934373
0.38603035
0.42454746
0.4261705
0.45062718
0.42946792
0.45064282
0.40960836
0.40861765
0.3677571
0.41598007
0.41216108
0.44313288
0.40764356
0.43429613
0.39000776
0.42784157
0.38919201
0.39393398
0.4008458
0.43055776
0.39562201
0.4303592
0.43227682
0.39688262
0.36720333
0.4069151
0.41724598
0.41012192
0.3955859
0.4069158
0.41391838
0.43815517
0.38480344
0.4342333
0.3693289
0.42090288
0.43294278
0.4520798
0.3896245
0.42161688
0.3527994
0.42161706
0.38818088
0.4114379
0.38483933
0.46615282
0.40604892
0.410774
0.4053788
0.39747143
0.38715354
0.41123143
0.4341421
0.37611583
0.41186556
0.41077384
0.4229982
0.41129613
0.37717858
0.41534433
0.40115824
0.413973
0.36176777
0.4212514
0.44817647
0.41397488
0.39713374
0.45566833
0.39709404
0.4418516
0.40521726
0.41412306
0.3695984
0.4424573
0.37734032
0.4294922
0.39967003
0.41412643
0.38308573
0.4630188
0.413083
0.42655563
0.39618754
0.3945566
0.3691117
0.37770173
0.3823762
0.45877266
0.39920497
0.43036905
0.3949823
0.4013448
0.39591646
0.40584886
0.41570115
0.42272547
0.40762067
0.37688756
0.3367643
0.40134656
0.39259163
0.4053154
0.41812435
0.41152218
0.38500884
0.41006193
0.4143088
0.44120887
0.38160896
0.40511012
0.37394214
0.37388238
0.39956793
0.38466582
0.42534578
0.3919934
0.3692275
0.40258566
0.40253088
0.36983398
0.38709712
0.36983347
0.3894392
0.4241302
0.3937131
0.43639302
0.3871568
0.4405094
0.3955389
0.44167185
0.39063957
0.43633714
0.36975813
0.4508508
