0.42021754
0.3853118
0.42021495
0.36546886
0.46595
0.3835714
0.47866774
0.38369027
0.46680546
0.424917
0.46680576
0.41615525
0.40406743
0.39652
0.42578074
0.40336806
0.4257791
0.39186922
0.4481436
0.38151234
0.4458071
0.4081749
0.4422852
0.4226617
0.47327447
0.38239548
0.47327447
0.4025879
0.43279913
0.40823123
0.43279555
0.40220746
0.40540054
0.4089614
0.42102447
0.39742097
0.4004648
0.4061821
0.5936293
0.43696648
0.463439
0.39920843
0.4558652
0.41576502
0.44581753
0.4056412
0.4601097
0.4307106
0.4601079
0.4086792
0.48302722
0.39453754
0.483031
0.38438252
0.48566568
0.39010987
0.48566467
0.37028393
0.49646252
0.37629732
0.41762018
0.3608232
0.4176212
0.3904508
0.4544086
0.39780307
0.4045977
0.39701268
0.40459624
0.40551558
0.37908334
0.40480363
0.45755103
0.37067905
0.39304087
0.4068616
0.3957553
0.40168473
0.37549752
0.38634676
0.43394938
0.3967341
0.38670218
0.39359453
0.38893315
0.3874975
0.4096348
0.40672946
0.3942211
0.41601062
0.59957993
0.35634616
0.5995805
0.3658027
0.38520968
0.39934582
0.445771
0.41986287
0.3852118
0.4013631
0.3794487
0.42195657
0.429801
0.40398657
0.44335425
0.43731737
0.38335305
0.40043104
0.4108861
0.40083578
0.43435988
0.41145873
0.4282551
0.43219668
0.44241753
0.3989615
0.43779776
0.38110188
0.3867551
0.3772465
0.40323603
0.42067078
0.43436086
0.407553
0.3740718
0.38934234
0.4381935
0.397142
0.41538027
0.37987292
0.41043088
0.40157485
0.39603913
0.43416268
0.38844126
0.43528813
0.41111398
0.3709242
0.40146494
0.37431195
0.44841716
0.41432974
0.3960251
0.4049722
0.39305627
0.39352593
0.41561085
0.4156597
0.4144238
0.40529302
0.3836802
0.36909065
0.40833068
0.3786838
0.4151162
0.38796458
0.42165887
0.40848035
0.4282888
0.40694654
0.41809088
0.41516203
0.42973316
0.37421238
0.39592698
0.4039333
0.50671965
0.39296624
0.50671744
0.3831881
0.44578257
0.38538882
0.44578403
0.4206404
0.42716268
0.39445105
0.44941
0.42744786
0.4155039
0.37171888
0.42369193
0.3968396
0.46721593
0.37243327
0.423693
0.41585004
0.46721536
0.4199715
0.40663853
0.4013924
0.44552743
0.42683756
0.42782584
0.4092333
0.3820409
0.3987703
0.44504866
0.39737913
0.4629947
0.43911672
0.45453858
0.41527507
0.41114432
0.39467704
0.5174502
0.39142862
0.42299923
0.3824945
0.39827976
0.4045159
0.39827755
0.41922525
0.4159546
0.3867199
0.4159555
0.34328082
0.45923334
0.41473022
0.45923254
0.3913511
0.43349615
0.39937064
0.43349525
0.3862243
0.43204752
0.39737952
0.45718485
0.42683497
0.38558343
0.37206513
0.42436248
0.37601435
0.3678768
0.36836934
0.4288616
0.42741024
0.4672535
0.38748077
0.38558576
0.42532256
0.4551644
0.37966064
0.3869016
0.4080819
0.40967566
0.38114837
0.4594396
0.39926794
0.4609179
0.38877523
0.40222785
0.41717467
0.43896532
0.41161966
0.44066688
0.41340354
0.44447222
0.41955602
0.4763403
0.4408435
0.44050288
0.40710214
0.42034984
0.42529246
0.4748463
0.3793084
0.42552918
0.37483
0.4246862
0.40538126
0.44983226
0.37295842
0.43187106
0.41011903
0.45352653
0.42772537
0.43061304
0.4022998
0.4306151
0.39135155
0.41506138
0.37499204
0.45371702
0.41286385
0.45210737
0.38745597
0.43929768
0.39835757
0.48427558
0.40641257
0.45468277
0.3873334
0.45906174
0.43385395
0.45483527
0.41683868
0.46231186
0.41072807
0.4089315
0.38977757
0.42522383
0.41740268
0.44405454
0.41597572
0.40082544
0.38825694
0.43862388
0.38564858
0.41861615
0.39023328
0.44051236
0.40082124
0.4366055
0.38642254
0.43241194
0.39940366
0.40328738
0.40174955
0.41421908
0.4298459
0.47363424
0.3845008
0.44822136
0.3938814
0.43222362
0.4026529
0.38802242
0.36613977
0.4503128
0.42008236
0.38277772
0.39433333
0.44027227
0.3769421
0.43241286
0.3850843
0.43243128
0.39810526
0.41048643
0.37449715
0.401667
0.38363045
0.46334013
0.41392332
0.41945934
0.3881698
0.40563303
0.36365667
0.42921022
0.39275172
0.4290632
0.3934699
0.38978058
0.39006132
0.42978212
0.3954883
0.37155572
0.3996518
0.3752783
0.41018492
0.4293531
0.380165
0.42324018
0.3903588
0.39578947
0.38559058
0.40570247
0.41020924
0.40563452
0.40910748
0.38202718
0.38494503
0.39279857
0.4102561
0.3745156
0.39485964
0.4363464
0.36391142
0.39901176
0.40103868
0.42249262
0.41580376
0.4594924
0.416362
0.45949385
0.42156664
0.39901218
0.41160348
0.49036422
0.4029726
0.46317384
0.4062972
0.49036676
0.3814917
0.43573037
0.3865017
0.43572825
0.41359025
0.44286364
0.37575477
0.44286585
0.4186544
0.40400672
0.39303192
0.4040103
0.42088616
0.4129251
0.39005092
0.42139104
0.3851012
0.4483077
0.41409078
0.48951095
0.35764793
0.4012507
0.4082225
0.3784905
0.42743567
0.39897603
0.37171888
0.39897564
0.38066748
0.46485806
0.39126614
0.39802653
0.42556942
0.4129346
0.41805634
0.3871772
0.3726874
0.4120569
0.38535082
0.45968118
0.36960626
0.40806553
0.4133066
0.412932
0.42160276
0.38876328
0.3565179
0.37413543
0.37024418
0.39802527
0.40995744
0.39802524
0.36827442
0.41817403
0.3939912
0.42330375
0.3774944
0.42403919
0.37008694
0.43838742
0.41401172
0.41853634
0.3780989
0.43232217
0.40125802
0.4181742
0.394533
0.42854625
0.41225782
0.42586583
0.40837598
0.39510125
0.36791006
0.41377044
0.39640737
0.4323392
0.3888879
0.4198951
0.36610737
0.4245211
0.3831262
0.41741744
0.41514343
0.40029082
0.4229154
0.38306645
0.3490923
0.37743905
0.43172365
0.41377154
0.3638041
0.41959807
0.40717977
0.4195985
0.3833282
0.45554134
0.43100062
0.44220564
0.39179975
0.43314713
0.39763826
0.42675784
0.40737393
0.42756665
0.40036982
0.42687848
0.39670694
0.41279063
0.39966568
0.42039627
0.38718098
0.40474534
0.3874895
0.43224198
0.4212611
0.44274214
0.38225007
0.44747376
0.40481442
0.42217234
0.41595465
0.3960014
0.43419197
0.3895133
0.4071008
0.38951322
0.39145374
0.41471526
0.39261037
0.4622086
0.4086639
0.44184357
0.39719248
0.44562712
0.38662803
0.40466014
0.39198157
0.42363465
0.4365399
0.42242932
0.39728212
0.45088446
0.43643776
0.42977217
0.37252066
0.429769
0.3816624
0.44857758
0.41271713
0.44857845
0.4090143
0.42659307
0.43806654
0.4144147
0.36213863
0.41280138
0.3885154
0.3967347
0.41223752
0.43381304
0.40097603
0.4884307
0.37858152
0.47462046
0.40115973
0.4884307
0.41581002
0.4414272
0.38284373
0.44142652
0.39137888
0.4073115
0.38581577
0.4453211
0.40007678
0.41086784
0.37231082
0.38778254
0.41151696
0.41240808
0.3968546
0.40926448
0.38918716
0.40804613
0.39424485
0.41484872
0.349958
0.38644692
0.3932266
0.4037564
0.3824829
0.4159262
0.39768293
0.3707732
0.4124633
0.37177548
0.38418984
0.37077364
0.39697143
0.42905164
0.37096485
0.4189704
0.39388403
0.3933423
0.3902919
0.41288066
0.37815064
0.41981208
0.40262437
0.38282213
0.3562915
0.43307757
0.3919364
0.44223672
0.42106658
0.39744553
0.42977086
0.4049548
0.3840571
0.40733927
0.39689675
0.39098227
0.39251816
0.42709166
0.42081586
0.39080685
0.36208034
0.4179293
0.40048662
0.39222386
0.39930823
0.42731526
0.39739588
0.43703595
0.3860583
0.47782108
0.41593954
0.41659248
0.4204211
0.42120743
0.37542862
0.4069563
0.41752714
0.41867775
0.40081617
0.4186781
0.4132009
0.46600923
0.42889428
0.46600902
0.38965166
0.3887513
0.3636184
0.39589912
0.391898
0.3959014
0.39132175
0.47248232
0.40464026
0.4597127
0.39704117
0.41155237
0.38604409
0.45278805
0.36736363
0.40042502
0.42023173
0.5104773
0.3797358
0.42177644
0.38853496
0.40716046
0.39896563
0.43147674
0.40648514
0.46221048
0.40575185
0.41777837
0.37511793
0.41528156
0.40410653
0.39293614
0.40720347
0.46315613
0.38638622
0.42065492
0.44554898
0.39435998
0.4169386
0.40770125
0.40915456
0.38984224
0.4271749
0.38983932
0.37725216
0.3851197
0.3836134
0.4066831
0.3747865
0.3700173
0.3590834
0.39778745
0.37553078
0.3766925
0.37829486
0.40799972
0.37489578
0.3961681
0.36354226
0.4220872
0.36824453
0.40032324
0.371276
0.39304343
0.36328834
0.51318127
0.40769213
0.46291056
0.370845
0.44174424
0.4145821
0.39065155
0.41266274
0.44775206
0.3789684
0.51318204
0.3898676
0.45923233
0.40511808
0.47872892
0.39629328
0.4438819
0.36904824
0.38888836
0.39989293
0.4087398
0.39965823
0.39703906
0.3886299
0.40077823
0.38083482
0.39584422
0.3764499
0.42736554
0.4360705
0.43410182
0.41304952
0.46843737
0.41186196
0.4559597
0.36948106
0.45595932
0.3980118
0.4959538
0.4385384
0.41683385
0.40333906
0.45887312
0.38383734
0.44869164
0.38617453
0.4959526
0.42086267
0.4027517
0.3753212
0.37716553
0.3708005
0.45497563
0.42281085
0.4549757
0.39001507
0.5209236
0.37837464
0.5209261
0.41540617
0.39829534
0.41187993
0.4139413
0.43136835
0.39904374
0.40783694
0.4152263
0.40086702
0.41394073
0.42347813
0.41292107
0.406367
0.42377764
0.36994988
0.42378098
0.39536673
0.4169141
0.37727803
0.38524562
0.40359777
0.3964742
0.42003828
0.4107986
0.39270476
0.44497132
0.39041376
0.3849385
0.401039
0.41548908
0.4001525
0.40359846
0.36972055
0.42529884
0.3965861
0.40544835
0.41128182
0.3526984
0.36508653
0.35269612
0.35745463
0.39780092
0.37510934
0.41438636
0.40492138
0.41170788
0.39198953
0.3852657
0.40910563
0.43200618
0.39205968
0.40171024
0.39124423
0.4822366
0.41264677
0.42334583
0.38512167
0.3990428
0.38887602
0.4255211
0.39458245
0.4152082
0.38818178
0.3997426
0.3756477
0.39561048
0.40876403
0.40948144
0.382833
0.4289575
0.3877313
0.39298597
0.37431884
0.40372214
0.40360644
0.42106277
0.4051237
0.52511996
0.38842052
0.52512187
0.40772426
0.48480454
0.40717295
0.48480543
0.41166285
0.4145174
0.40726292
0.41451737
0.42774028
0.40099606
0.37726596
0.5171654
0.4056179
0.47839978
0.38310486
0.47840288
0.41675583
0.39427066
0.37873694
0.39426938
0.38396803
0.42775738
0.40454477
0.45328233
0.4108565
0.4277555
0.36510268
0.41757005
0.42664835
0.42678016
0.38924557
0.41756904
0.41504964
0.3991588
0.38959274
0.4246373
0.39463067
0.39022872
0.4496805
0.4222192
0.42761886
0.40397558
0.40686685
0.38735214
0.36150905
0.39943132
0.42250362
0.4158472
0.4132501
0.43253902
0.3889446
0.4584254
0.43747747
0.41584745
0.40185088
0.42505318
0.42155716
0.45457122
0.37650365
0.42920575
0.37830144
0.42920607
0.3832459
0.4257478
0.40086
0.47130454
0.43223554
0.41798148
0.4306181
0.41797867
0.4001754
0.41790825
0.39732453
0.39863345
0.40570414
0.40768293
0.39934954
0.40716013
0.39284736
0.40398958
0.37954724
0.41639885
0.36863843
0.42876017
0.4046241
0.450677
0.39446864
0.46424145
0.39831224
0.43572453
0.37749642
0.41307166
0.39150205
0.47116306
0.40653446
0.44865263
0.4245939
0.41307533
0.38894758
0.40908825
0.40713227
0.40908667
0.39939994
0.41813084
0.40883055
0.38905573
0.3849499
0.37613454
0.36355618
0.41123185
0.37570748
0.4273238
0.39869067
0.37517786
0.41592678
0.38316342
0.41313526
0.3751534
0.38318583
0.41661236
0.4349473
0.42832825
0.44037125
0.39033023
0.36547902
0.42662615
0.42187688
0.42414922
0.4050547
0.39066008
0.38144296
0.39202362
0.39400235
0.4211316
0.3903175
0.4244116
0.41292262
0.4211307
0.3971283
0.37404844
0.41185087
0.37404776
0.39705843
0.3803812
0.41710356
0.43535227
0.40747702
0.44269753
0.3904134
0.43939346
0.41179198
0.4393907
0.37941763
0.42477685
