0.38294798
0.5153431
0.5153443
0.3973118
0.35970685
0.43880212
0.43880147
0.30576667
0.35187516
0.49437544
0.4943727
0.38698632
0.3793562
0.45899475
0.45899364
0.34905335
0.38374022
0.4798925
0.47989112
0.41280246
0.3173213
0.4735529
0.47354996
0.3576566
0.33871278
0.42757213
0.42757162
0.35142708
0.34209627
0.46238452
0.46238127
0.3189697
0.34984753
0.4732183
0.47321776
0.32259968
0.30569014
0.5115136
0.51151276
0.3723021
0.31971216
0.39965308
0.3996515
0.3399275
0.33495405
0.48022115
0.4802186
0.35758623
0.39136988
0.4834168
0.48341557
0.3455713
0.3356327
0.49776822
0.49776602
0.32574955
0.3393885
0.4527846
0.4527821
0.35307884
0.40917948
0.5078096
0.5078087
0.33884066
0.35214937
0.5064224
0.5064196
0.36774856
0.30640882
0.48198453
0.48198512
0.37562212
0.3397097
0.4577871
0.4577863
0.3209133
0.3087337
0.53773355
0.5377325
0.3249625
0.33349594
0.48640242
0.48640153
0.35709298
0.30614755
0.4697658
0.46976656
0.32990438
0.34726027
0.4833905
0.48338777
0.34762314
0.3408395
0.44911647
0.4491139
0.37115014
0.3453076
0.51879996
0.5187974
0.4121199
0.35275868
0.5162355
0.5162337
0.3445216
0.37731206
0.45474607
0.45474508
0.3690346
0.3181483
0.4721524
0.47215176
0.33471146
0.34822395
0.44982392
0.44982365
0.34184983
0.36341628
0.49724874
0.49724808
0.36839163
0.32725683
0.45145452
0.45145285
0.3638648
0.34116942
0.5732424
0.5732398
0.3139276
0.34500945
0.4937784
0.493779
0.37601158
0.37025118
0.44008717
0.44008684
0.33594078
0.33403298
0.4570377
0.457039
0.32857355
0.35157296
0.47921976
0.47922006
0.34616014
0.3493348
0.5226728
0.52267003
0.36515424
0.35534927
0.47826308
0.47826356
0.37285596
0.33600676
0.48577622
0.48577604
0.34527627
0.3198014
0.50920486
0.5092042
0.3308681
