0.36886805
0.38405165
0.2805027
0.33509263
0.39755622
0.41325992
0.3235806
0.29754052
0.37527415
0.34608394
0.3032244
0.47125593
0.4079223
0.30248946
0.3232408
0.37038395
0.3860186
0.30272263
0.31477064
0.5260739
0.34186187
0.30432242
0.4131286
0.39568794
0.29960835
0.29563087
0.50413144
0.36589494
0.32678673
0.29407114
0.41612333
0.47139713
0.3256164
0.35507
0.49443826
0.37229285
0.29759708
0.3104297
0.41325992
0.40135708
0.31617925
0.3123364
0.48634607
0.52176607
0.3166503
0.30732328
0.3641248
0.32645994
0.47643974
0.3119154
0.38104665
0.49156362
0.32323012
0.31364053
0.36762613
0.37929732
0.3404246
0.29651102
0.47050083
0.3336338
0.31163555
0.39789173
0.37944892
0.3128159
0.31782714
0.43500185
0.44353324
0.34021336
0.32256562
0.37889862
0.40805644
0.36610195
0.34177685
0.45437837
0.40358058
0.33199987
0.32858214
0.4435338
0.39064014
0.30173272
0.3696482
0.40358174
0.45970225
0.34393153
0.33829483
0.3760905
0.3788947
0.30296776
0.30423197
0.45594573
0.35047376
0.3326173
0.30119413
0.4869248
0.35776216
0.3517496
0.3321718
0.35683298
0.43656433
0.32050982
0.34347188
0.33957544
0.42275864
0.32141796
0.28593683
0.35191986
0.36583817
0.30838606
0.32806656
0.47707126
0.35178262
0.3066526
0.31085432
0.4812749
0.4756138
0.3549515
0.3128824
0.4614146
0.46367654
0.35089892
0.30262434
0.3462845
0.35584944
0.29685128
0.29824874
0.4518931
0.3638578
0.32966378
0.32781357
0.5096793
0.3574125
0.32724908
0.31518206
0.41586873
0.42026478
0.30947012
0.3539334
0.407322
0.37179443
0.3366595
0.31538826
0.38174054
0.35553306
0.3358457
0.3111889
0.36598182
0.3767965
0.3148646
0.35994136
0.3921107
0.37709683
0.31741568
0.33129758
0.36667535
0.36763486
0.3461106
0.2983791
0.38831007
0.38174012
0.34051076
0.35641566
0.40321425
0.38586643
0.29452464
0.2944591
0.3728208
0.37131765
0.33924553
0.3529698
0.42893156
0.39104757
0.32195765
0.30203643
0.4429178
0.3762509
0.32947093
0.3293459
0.36910447
0.42442417
0.32243302
0.34230253
0.37685037
0.39210966
0.32002237
0.35812688
0.47638196
0.48533225
0.34170166
0.34998527
0.49676368
0.46839622
0.29973626
0.32023275
0.49256116
0.46190426
0.32716918
0.30406392
0.48282227
0.441432
0.30841774
0.27891442
0.48512125
0.41347185
0.3292447
0.31357387
0.4826928
0.4851217
0.33531398
0.328243
0.3921247
0.55745983
0.29071584
0.3483442
0.39076343
0.51131874
0.3073161
0.30111676
0.569802
0.4077848
0.30453652
0.30425927
0.39674994
0.49914613
0.30990267
0.3140868
0.38460362
0.39879948
0.3326436
0.3121803
0.39727423
0.50966454
0.3086559
0.29505274
0.5180055
0.4934337
0.30965218
0.34829864
0.48324212
0.390763
0.33469605
0.3095039
0.49307105
0.5273609
0.28969026
0.33911535
0.51272
0.39091414
0.34216237
0.3088119
0.4071553
0.3814513
0.28381255
0.41672245
0.48274267
0.2993971
0.29257372
0.5266016
0.39166853
0.32416347
0.3303719
0.36521834
0.3720935
0.31356832
0.31043977
0.3856727
0.5734498
0.30746853
0.31357965
0.5690099
0.37148598
0.3115027
0.2915477
0.36675417
0.3773949
0.3115063
0.30990145
0.36053884
0.3987792
0.2907313
0.40092304
0.52230394
0.3179691
0.328697
0.37679493
0.39638558
0.3037005
0.3147535
0.40043625
0.46769994
0.31328124
0.30552712
0.3764447
0.36432266
0.29022235
0.2990556
0.4512784
0.36327097
0.3175842
0.34124622
0.40989298
0.37525085
0.30194712
0.3243392
0.39605567
0.3902726
0.29727232
0.2836345
0.3837153
0.53589994
0.27951992
0.29687837
0.41153768
0.55999863
0.30718234
0.28653884
0.38057044
0.39490896
0.27524155
0.3108474
0.37739503
0.4110614
0.2861702
0.41976285
0.36448297
0.34905928
0.33936056
0.39746928
0.39703172
0.32410792
0.29485568
0.51483226
0.39706492
0.32761887
0.30915955
0.45533532
0.31096545
0.30461574
0.40599048
0.39938974
0.3128451
0.34397268
0.47504804
0.4132035
0.29968822
0.29592338
0.4559654
0.39061308
0.2991667
0.30763832
0.5001813
0.30838677
0.3970672
0.40701023
0.29154313
0.3115697
0.39179403
0.3974712
0.31062353
0.3196478
0.3952688
0.40259847
0.3216386
0.32210216
0.5055146
0.32395595
0.31948787
0.39578924
0.31335825
0.4373005
0.46327686
0.34264344
0.33425364
0.43302158
0.4305168
0.31691477
0.3639107
0.43489897
0.42916018
0.29937872
0.3645018
0.45355144
0.45429736
0.30777836
0.3135996
0.4227091
0.42792454
0.29029876
0.31632397
0.41412938
0.43180326
0.29953247
0.32220617
0.42370597
0.40581894
0.32856643
0.3320752
0.4305709
0.4342979
0.37416014
0.31248128
0.42776287
0.42880416
0.2993959
0.33102682
0.42315638
0.42270893
0.32731524
0.34232482
0.45228386
0.42370525
0.33248332
0.3075394
0.43061528
0.4153826
0.3121005
0.33490232
0.45468202
0.4429961
0.3914856
0.35530242
0.4637235
0.4681326
0.33679953
0.33401442
0.5060534
0.49806985
0.31820494
0.37115127
0.4877169
0.4877142
0.31537977
0.31636053
0.458885
0.454681
0.3397806
0.31526613
0.4681357
0.4663428
0.3237543
0.3637119
0.60476404
0.6007046
0.3807408
0.28817987
0.5961788
0.591774
0.2717479
0.28052664
0.58660656
0.6518662
0.31577995
0.33305722
0.600703
0.6047639
0.27706775
0.29542887
0.5943469
0.62972015
0.29437122
0.30390337
0.62971854
0.5961788
0.33883786
0.31517416
0.40694207
0.39508694
0.30245134
0.31122917
0.36674085
0.35935274
0.3081481
0.27515918
0.3973242
0.40277943
0.31630492
0.31889984
0.5064151
0.3530071
0.30924183
0.3145549
0.54494756
0.39384764
0.29154274
0.2938515
0.40427747
0.34592426
0.3005447
0.2911512
0.5191606
0.34893736
0.32430556
0.31969675
0.53044426
0.51366436
0.33220652
0.27114663
0.5356632
0.52255285
0.28923276
0.2909616
0.5398182
0.56798846
0.29080042
0.53318787
0.35834277
0.27775016
0.34007692
0.40840828
0.38451383
0.30287522
0.29469788
0.4059232
0.4361417
0.31366763
0.33896625
0.46177894
0.35717073
0.33116844
0.27830523
0.4388851
0.36699784
0.31681365
0.29757106
0.3561912
0.42112297
0.3210625
0.29477075
0.46873558
0.3609404
0.3215145
0.27223012
0.35310945
0.3588555
0.32423136
0.31966236
0.5007953
0.5433665
0.2861406
0.30995762
0.41501537
0.41180462
0.30650815
0.34017822
0.5867272
0.59305656
0.3360402
0.2909251
0.39324236
0.566725
0.29744747
0.35781926
0.56074023
0.4031424
0.2989977
0.3189981
0.5535002
0.55845183
0.2788547
0.30402014
0.4216665
0.4158487
0.33731425
0.31085315
0.4301223
0.40687853
0.35307693
0.3257142
0.41813603
0.40631166
0.35077986
0.3332757
0.4077252
0.41813534
0.28702506
0.36284846
0.4063111
0.40421602
0.3345068
0.29688165
0.4291021
0.43012154
0.32057357
0.3226042
0.45258996
0.45421726
0.29000777
0.32924113
0.45769563
0.43233266
0.33425432
0.3154019
0.4054308
0.47178048
0.27620918
0.29803708
0.4716767
0.467576
0.29185987
0.32604682
0.45112833
0.47353312
0.32339436
0.3122947
0.4735322
0.46829638
0.31858963
0.2857206
0.5537166
0.5199795
0.29538304
0.3294119
0.51678
0.5033587
0.30297032
0.35982582
0.5302797
0.5391099
0.36095303
0.3371356
0.50249076
0.51782763
0.32499275
0.31050503
0.50335884
0.5238776
0.34510812
0.31117466
0.5277005
0.529231
0.33686668
0.31750894
0.3676895
0.36877075
0.30659425
0.3050422
0.37037918
0.3822909
0.3116923
0.30931792
0.373893
0.36591038
0.29062256
0.30924213
0.46834946
0.4493945
0.33857054
0.3085144
0.36040723
0.43736336
0.2853857
0.28046903
0.356451
0.36966693
0.29586792
0.30973208
0.4017358
0.37037957
0.32505742
0.3431877
0.36065584
0.3543021
0.31887034
0.31832972
0.3913658
0.371114
0.32454705
0.31869587
0.38700697
0.43224192
0.31984428
0.3653706
0.4037147
0.39772835
0.3224842
0.32015246
0.35290664
0.4346565
0.3429361
0.37519872
0.36591002
0.38032046
0.30687544
0.33680776
0.47892484
0.47321305
0.36792597
0.30703044
0.37674016
0.3931464
0.31282702
0.30200318
0.5947419
0.36804873
0.2792636
0.28843382
0.37330684
0.5073497
0.33012995
0.36515144
0.393902
0.35392275
0.36396894
0.38503203
0.48951814
0.46911934
0.29535565
0.2853886
0.47609168
0.45501256
0.33476835
0.31652653
0.4585776
0.43452844
0.32952464
0.3140576
0.51094145
0.49171427
0.347132
0.32599506
0.45501497
0.51093906
0.3166221
0.32539287
0.45573232
0.46128547
0.3179993
0.32132825
0.49518535
0.47407848
0.34705222
0.31888878
0.38143542
0.5000185
0.31370708
0.29489776
0.39280152
0.38088098
0.3132958
0.31037423
0.47408083
0.4948793
0.30279264
0.32665122
0.47763142
0.472333
0.29042676
0.29031992
0.44081828
0.4632722
0.3024743
0.30085403
0.35666224
0.3768931
0.35635474
0.29608026
0.47857946
0.37829232
0.2859348
0.3034123
0.36309618
0.48890918
0.33362547
0.32037094
0.44923076
0.5537549
0.33890113
0.3303726
0.35350618
0.379744
0.36790088
0.3069207
0.3667686
0.38872913
0.30065596
0.2867202
0.45578703
0.45401716
0.33805674
0.31341368
0.45106882
0.4681707
0.31985226
0.33259264
0.38872963
0.36678588
0.30740097
0.309181
0.43521708
0.35828117
0.3130074
0.32453436
0.369412
0.45384815
0.30432943
0.3047237
0.42922434
0.41777647
0.32192308
0.30820346
0.34727708
0.35392383
0.32363597
0.35281318
0.3584682
0.3501178
0.33425665
0.34461296
0.35223886
0.3533405
0.37692204
0.32646248
0.4469882
0.36128154
0.34931886
0.34260568
0.35444215
0.34973297
0.33035794
0.32395646
0.3620278
0.34696844
0.32214898
0.31266743
0.3538053
0.3599615
0.35673702
0.32683054
0.37687713
0.34154016
0.32547426
0.3086724
0.37600613
0.35645875
0.31747106
0.336599
0.40168887
0.4312376
0.31854266
0.31360343
0.35957626
0.35129708
0.31014836
0.3046416
0.35304525
0.36815977
0.33131933
0.29490468
0.36309347
0.49444136
0.33783254
0.33309972
0.36699966
0.3684024
0.34352058
0.29420853
0.3599623
0.37384987
0.30540332
0.32723916
0.46773815
0.46455896
0.29238454
0.28890586
0.5225878
0.45637745
0.33255005
0.30727223
0.36574075
0.37199196
0.31247476
0.32315108
0.4838587
0.52417225
0.28367215
0.30703023
0.51082706
0.49617967
0.31402597
0.3198799
0.50242376
0.47072026
0.3098636
0.32411873
0.4647177
0.47279537
0.34122294
0.2955217
0.490694
0.5108259
0.28144875
0.31098133
0.47531888
0.49045643
0.30546415
0.35938805
0.4640492
0.45665908
0.2972994
0.31631848
0.45183843
0.43472585
0.280967
0.31900987
0.45666087
0.5416078
0.33235288
0.30198818
0.6185104
0.4640495
0.30932683
0.30238736
0.5677379
0.5002861
0.29213944
0.3533843
0.45772174
0.45841762
0.2979823
0.28266075
0.4460212
0.4710165
0.30431807
0.3087581
0.5243572
0.46855912
0.31285352
0.3129514
0.49515197
0.50138634
0.30508226
0.30629143
0.50404656
0.45591053
0.309173
0.30906555
0.4704662
0.45752823
0.29910666
0.30926287
0.45752966
0.5243598
0.33825758
0.3004682
0.48042893
0.4947719
0.31517813
0.3035431
0.44752803
0.46945506
0.29008576
0.322557
0.4301086
0.42322612
0.31363907
0.3153773
0.5112224
0.48064578
0.3285351
0.33828
0.4782654
0.4804322
0.34309998
0.31937316
0.54695785
0.54115057
0.3239829
0.33939984
0.4803694
0.45335016
0.3013884
0.33622724
0.4863396
0.48036984
0.2950658
0.28887308
0.49327263
0.4880832
0.30692086
0.3775997
0.464957
0.49326658
0.3612691
0.28094435
0.5145091
0.46612287
0.34413147
0.3480577
0.47447243
0.45963988
0.34277138
0.30803367
0.4891218
0.34136692
0.39975998
0.50172013
0.3274212
0.30651662
0.48111415
0.34979877
0.29947942
0.487448
