0.42066625
0.40139985
0.3035068
0.30308104
0.43271428
0.40323937
0.34249187
0.33884865
0.38716528
0.43298912
0.32259852
0.32180592
0.43132415
0.39626798
0.3574566
0.33681104
0.44123185
0.39789808
0.348308
0.33931565
0.4196256
0.38198593
0.33405876
0.3497336
0.4226331
0.39178443
0.3215817
0.36342192
0.41635817
0.34384325
0.3559756
0.3666086
0.4181193
0.32351154
0.31487104
0.40243554
0.42103505
0.35090968
0.3585304
0.40167984
0.39789158
0.3356571
0.3268925
0.43853188
0.4333071
0.37951216
0.32065058
0.4010825
0.46581846
0.34100455
0.35725406
0.41184327
0.41686088
0.3316595
0.33865276
0.41316187
0.46963215
0.33820012
0.45188224
0.51194805
0.38816136
0.34760064
0.41796392
0.42491361
0.3487253
0.3819188
0.40050322
0.34592232
0.31797895
0.42547262
0.49883983
0.32999012
0.36067963
0.39569965
0.387915
0.31571248
0.32190582
0.57076067
0.49550745
0.34183106
0.34861672
0.39569345
0.3881088
0.32791513
0.33019316
0.4298975
0.4224562
0.32683292
0.3487826
0.41727167
0.38048583
0.325524
0.33062556
0.4004025
0.407389
0.33091405
0.32860547
0.38279235
0.4172713
0.32078
0.3253276
0.39038962
0.45074758
0.35529608
0.3232033
0.4563891
0.40243417
0.32274994
0.32774454
0.3802942
0.39313605
0.33011454
0.34155965
0.40440708
0.45574665
0.303336
0.3346437
0.4330095
0.45027635
0.33703837
0.3421553
0.48256573
0.42298985
0.33832142
0.3722101
0.4036427
0.4218855
0.32218635
0.32496095
0.42657754
0.45817095
0.3228683
0.33995697
0.43847588
0.43702525
0.346733
0.3325665
0.38177457
0.41400683
0.3335321
0.3386834
0.38040656
0.36872017
0.35956585
0.3287975
0.37048548
0.39852998
0.3196509
0.3245775
0.45540524
0.42519036
0.35489237
0.3435048
0.37499005
0.36851528
0.3384893
0.35764262
0.38142276
0.38749796
0.411311
0.3262631
0.36851478
0.40532118
0.3323793
0.38577926
0.40485436
0.3504148
0.355271
0.40956375
0.37211236
0.35979724
0.32066286
0.37717184
0.39029026
0.37354964
0.32095286
0.4053323
0.40359372
0.36369792
0.35307133
0.43475068
0.39010888
0.3844907
0.36793694
0.3960318
0.40402377
0.3670031
0.3626955
0.460243
0.4114181
0.32598516
0.32664305
0.4800933
0.4273317
0.32054797
0.37262222
0.411652
0.42391175
0.30347714
0.3506467
0.395676
0.42041147
0.3382384
0.39221975
0.42908674
0.34964707
0.31469998
0.3997987
0.48518455
0.31149286
0.32252622
0.42406029
0.41579235
0.38371176
0.3159009
0.3739693
0.43965212
0.2996203
0.3209628
0.36724374
0.44775167
0.3442993
0.36215875
0.39527947
0.41069147
0.3301775
0.36506104
0.40044743
0.42330542
0.34720498
0.32799798
0.41832894
0.44178498
0.30791354
0.32883093
0.40096593
0.42534727
0.34623712
0.33941752
0.4811133
0.47413415
0.33928883
0.37420025
0.39291877
0.42219764
0.31660897
0.41528574
0.41786957
0.38562497
0.33638975
0.44056898
0.42465588
0.37359333
0.33576974
0.44102445
0.41639107
0.36727184
0.31456605
0.4096833
0.36214754
0.33826444
0.3642058
0.39543366
0.3723163
0.31185433
0.4221669
0.37284696
0.33949652
0.33309934
0.46398482
0.39893487
0.3330624
0.35540286
0.42367277
0.4022256
0.3174236
0.32401416
0.4014255
0.38474005
0.3643911
0.3623869
0.4530165
0.47685423
0.33985388
0.34902427
0.4442027
0.4352883
0.36745167
0.34599444
0.45558876
0.39589134
0.3010516
0.36583364
0.43191823
0.39785805
0.3617116
0.35514972
0.4195336
0.40811318
0.37346327
0.34945223
0.4049397
0.3931736
0.309668
0.393496
0.3498141
0.44652215
0.43380222
0.30687785
0.34868705
0.4267666
0.4702369
0.30465952
0.32538274
0.42684337
0.40440977
0.31288818
0.2996318
0.43143308
0.5541239
0.33517477
0.3283451
0.4844624
0.38545394
0.32565856
0.33959687
0.4237233
0.4396042
0.37702414
0.31561747
0.48705044
0.53677106
0.32298836
0.42047173
0.43212342
0.37775373
0.33129504
0.42205322
0.4796113
0.32988393
0.3439493
0.45932674
0.40527374
0.3590789
0.35622805
0.4630727
0.41234758
0.34668884
0.33097932
0.3948983
0.44017035
0.39734367
0.3480921
0.4084922
0.50020653
0.3088832
0.35627007
0.3915927
0.47596678
0.3732262
0.32505113
0.4132026
0.37599137
0.30566704
0.3423783
0.46704072
0.44999504
0.31277606
0.3666035
0.4667909
0.46234447
0.30426413
0.34718314
0.44843566
0.39602664
0.35425356
0.3952466
0.43065494
0.4005301
0.36972722
0.315507
0.47190028
0.48683155
0.35314918
0.39532617
0.4604674
0.39135483
0.3068773
0.3724084
0.49065846
0.4425807
0.3911514
0.35264158
0.4569742
0.5033421
0.3229735
0.3552393
0.47539094
0.40734622
0.31075457
0.33807003
0.4546401
0.48230782
0.39393184
0.34244174
0.41507873
0.4562657
0.3197579
0.32519576
0.443893
0.46111584
0.38489184
0.30856776
0.5037673
0.4292361
0.34836024
0.3643426
0.4196293
0.45542046
0.31824014
0.32617018
0.4927289
0.38974681
0.31998864
0.3880989
0.43847835
0.36053506
0.3326306
0.399764
0.46589226
0.36564276
0.39358693
0.39554718
0.37082517
0.35676765
0.4789711
0.43553364
0.37785774
0.36892307
0.4341436
0.43650514
0.3119986
0.3306684
0.42025316
0.45723805
0.34059986
0.3190976
0.46720195
0.43291804
0.3557033
0.34141353
0.43511266
0.40713722
0.302505
0.44520256
0.42300344
0.36595282
0.32622102
0.47217238
0.4582129
0.34486586
0.34731624
0.41174883
0.4342017
0.3966124
0.343561
0.41069257
0.44248825
0.38523805
0.3649112
0.41500086
0.4268579
0.31401473
0.47214544
0.45149568
0.33297244
0.32085213
0.45398432
0.40802285
0.33070567
0.32432032
0.38759115
0.39379704
0.33242306
0.35989362
0.48858535
0.44541955
0.34376088
0.37504306
0.45701882
0.45448896
0.33373362
0.36085021
0.38992754
0.4646338
0.38629368
0.3271687
0.37977004
0.44905192
0.3036808
0.37108612
0.44281465
0.38469166
0.3332979
0.37195244
0.38689464
0.36191696
0.34325013
0.41589493
0.39859778
0.3397286
0.3521261
0.37845722
0.40255293
0.3221834
0.35350755
0.39446667
0.39437562
0.34051362
0.3305661
0.3943754
0.31402263
0.3959115
0.37195328
0.3741527
0.34777263
0.40622875
0.36818314
0.35119492
0.3350797
0.389513
0.40623114
0.3759394
0.3151185
0.4097612
0.3914102
0.33135787
0.36225343
0.42802525
0.41063806
0.31384587
0.3661862
0.42836228
0.4235661
0.3252191
0.31634602
0.43652654
0.4077443
0.30615142
0.3494573
0.43221095
0.4177076
0.35385728
0.42341566
0.4607346
0.325056
0.3181933
0.4109312
0.421003
0.3677674
0.3161985
0.40520436
0.40932003
0.31726015
0.36496958
0.38735306
0.38531873
0.36015016
0.34730205
0.3476253
0.3773806
0.3245687
0.32934892
0.38037
0.40221828
0.37443227
0.34707537
0.37798822
0.37160793
0.3463922
0.3652138
0.37160808
0.36358532
0.37528616
0.39262274
0.40120104
0.39141896
0.33897454
0.41374892
0.38624734
0.36014158
0.34617826
0.36905485
0.36474764
0.354968
0.3469694
0.40124482
0.39690378
0.34674886
0.33898985
0.4032548
0.416598
0.32088667
0.3457723
0.4141711
0.40325543
0.34678534
0.36100954
0.47299543
0.500597
0.3131252
0.46040708
0.44511193
0.31007484
0.33667538
0.43220374
0.5144352
0.31748188
0.3401194
0.4281332
0.51018524
0.3456073
0.38075367
0.41072026
0.47299758
0.37401488
0.3565882
0.4389339
0.43271226
0.39187253
0.32722044
0.43271247
0.46040756
0.3136896
0.32028714
0.44683307
0.4281342
0.35017905
0.3641951
0.47655293
0.47288936
0.40373126
0.3286044
0.45666453
0.51922876
0.3482009
0.30409288
0.48007447
0.4604269
0.3309713
0.3285536
0.46120355
0.4825636
0.3013881
0.30110586
0.37101084
0.344599
0.335046
0.39995587
0.36460763
0.38570347
0.38047266
0.3528623
0.3710099
0.39004105
0.32582673
0.36115196
0.46031797
0.40099943
0.3327421
0.41749182
0.41753447
0.33287278
0.32496443
0.4145422
0.41030955
0.35379928
0.31805813
0.42837623
0.42239404
0.31691378
0.3697959
0.43582895
0.48919454
0.35526434
0.37161118
0.48919523
0.4625921
0.3513757
0.33904532
0.4056822
0.3911721
0.34108844
0.3546757
0.4191395
0.41611537
0.34105232
0.32523343
0.39773023
0.41727278
0.3306588
0.38593572
0.39117104
0.415654
0.34489322
0.34032547
0.40052107
0.452251
0.3440929
0.34640494
0.48373258
0.4661407
0.33334738
0.3333448
0.35048854
0.37262818
0.4182388
0.34933466
0.32346344
0.31290364
0.42313895
0.30624628
0.33035612
0.4084535
0.41482636
0.31076407
0.34847033
0.44184247
0.33722413
0.35709557
0.34237948
0.42937157
0.462628
0.31399897
0.31617925
0.44775647
0.4621869
0.33368742
0.35686055
0.39304513
0.41572192
0.35985157
0.35095733
0.37480527
0.47747204
0.31995946
0.32043076
0.495603
0.40021694
0.34284908
0.32431972
0.4824546
0.39633247
0.4174516
0.39950028
0.40742657
0.4025157
0.35561356
0.3395435
0.39240244
0.3748058
0.31312796
0.30182686
0.39177567
0.40221003
0.32170838
0.33284998
0.4091014
0.4074259
0.34345263
0.3285194
0.42465797
0.44492722
0.35359278
0.341134
0.4107687
0.48504266
0.35484943
0.36695912
0.49085948
0.49671146
0.3681714
0.44388923
0.48232284
0.33649132
0.3342807
0.4225401
0.40981132
0.34797627
0.31778488
0.48232338
0.42122567
0.34708837
0.40981308
0.4720076
0.3531005
0.39652002
0.42708692
0.40654808
0.37705487
0.33852413
0.40196294
0.38984174
0.3338349
0.33815154
0.46561638
0.46473315
0.35508743
0.3680696
0.5153329
0.47277397
0.3453193
0.3720049
0.48090583
0.41865116
0.40914676
0.318904
0.46965396
0.464887
0.32233915
0.36431006
0.51343
0.4674951
0.3617318
0.4986612
0.44691437
0.34940484
0.3246392
0.43439916
0.41155416
0.31033412
0.3274513
0.45808858
0.44651064
0.38414592
0.32540488
0.49151155
0.44141516
0.3095464
0.38371456
0.48968753
0.43765733
0.35310656
0.30207363
0.4276066
0.42946124
0.36859414
0.32607198
0.4387135
0.48707104
0.31097564
0.32541934
0.47712883
0.44549692
0.3699045
0.38734424
0.4597222
0.42575032
0.35283664
0.30609202
0.42930847
0.47040498
0.35996714
0.3419463
0.5248664
0.49539798
0.33651897
0.3758702
0.41286218
0.44955254
0.3631709
0.3636039
0.46896365
0.43011805
0.35710698
0.33455843
0.4825885
0.49742493
0.31015506
0.33869982
0.46016115
0.5436811
0.32615212
0.31962404
0.5238946
0.44699806
0.33839017
0.3310846
0.5071361
0.44334796
0.33800915
0.3344286
0.5050432
0.45047855
0.33857235
0.3654419
0.49735993
0.44355223
0.34493545
0.36523768
0.42709687
0.47302172
0.33163136
0.37966546
0.43211398
0.40166885
0.3613967
0.33754703
0.43051893
0.51997805
0.35673758
0.33824694
0.42759436
0.5595727
0.38462344
0.45640674
0.456039
0.30841854
0.31970552
0.4416433
0.4679927
0.3474569
0.33440495
0.5013818
0.44027117
0.34396037
0.35589552
0.41033885
0.4593908
0.34035054
0.35207573
0.44061926
0.48286262
0.30599764
0.32041785
0.4576595
0.42763203
0.36452904
0.32146996
0.43511033
0.43857682
0.3197
0.3694521
0.4483156
0.45667428
0.31201404
0.3321067
0.436583
0.39398673
0.33356473
0.3104003
0.42497385
0.5056977
0.3489444
0.37339053
0.44467226
0.47124332
0.34078708
0.34150398
0.45731252
0.46383607
0.36592028
0.3714754
0.42681056
0.51934177
0.34156397
0.3522883
0.45614967
0.44780838
0.3813937
0.31252378
0.47173327
0.44297495
0.35181865
0.33568817
0.48972294
0.4759442
0.3136292
0.44085896
0.4671223
0.35140795
0.3373852
0.46558815
0.43587562
0.35540026
0.38976112
0.42286196
0.53470933
0.32264313
0.35806996
0.41661748
0.508082
0.37139848
0.3541278
0.45728257
0.3733916
0.31438586
0.32284567
0.5805372
0.40476057
0.35811552
