0.42876723
0.4771819
0.32691523
0.34602454
0.44309926
0.4556302
0.355629
0.36058396
0.4190623
0.41205963
0.35366154
0.36585096
0.45030385
0.43158847
0.3555054
0.32959756
0.4705198
0.39539504
0.3081292
0.33205035
0.43999663
0.39053848
0.3508826
0.34317443
0.42536062
0.49005708
0.3425044
0.3424361
0.4226183
0.43430796
0.38639054
0.34400725
0.42088613
0.4480802
0.35217994
0.40363386
0.44235674
0.46497035
0.34405848
0.33023888
0.39795914
0.40367937
0.37193367
0.2939275
0.44807962
0.4503027
0.3399078
0.32242072
0.46588644
0.42974293
0.36835018
0.4006303
0.4716712
0.43298942
0.34262526
0.30388042
0.43722636
0.4123533
0.34175134
0.3662867
0.4978809
0.50093496
0.28072116
0.36231625
0.48098624
0.5332883
0.35451502
0.33850583
0.50963914
0.46091014
0.3425939
0.30644843
0.454524
0.46102673
0.3375182
0.3142212
0.47184408
0.49620068
0.373776
0.35547572
0.50836986
0.43886647
0.3577742
0.361714
0.44621423
0.45044208
0.39911216
0.3811119
0.44566765
0.46498904
0.3716279
0.3306144
0.45522264
0.4415821
0.41839713
0.33249736
0.4204033
0.54066664
0.32306734
0.40087503
0.44010985
0.44437185
0.34973326
0.3275789
0.4547679
0.55241334
0.2767137
0.29026213
0.4129385
0.4502649
0.31310293
0.3260524
0.45569775
0.42347637
0.3652572
0.3018531
0.4624291
0.46644685
0.3282296
0.37220234
0.46847996
0.4237509
0.3559751
0.36519778
0.44162673
0.4037269
0.3224886
0.32023868
0.49287963
0.5201302
0.37380624
0.30127144
0.4373533
0.48594585
0.3730471
0.31964612
0.43654048
0.45085034
0.3404145
0.35161468
0.44224727
0.45298332
0.28761253
0.37083066
0.42312974
0.43734264
0.34234774
0.32850617
0.3942962
0.42030713
0.31299013
0.34753782
0.43734238
0.4348041
0.41062817
0.32040125
0.4590306
0.53384453
0.4123925
0.32070005
0.43974623
0.5151677
0.29564184
0.35298702
0.43086833
0.45456994
0.31048694
0.3107391
0.44211772
0.44332945
0.36461377
0.28566462
0.48166978
0.41708615
0.29364064
0.36503443
0.42405567
0.46654686
0.3933501
0.33361056
0.45992965
0.43076056
0.32793134
0.31658223
0.4312337
0.39090118
0.3394023
0.3501091
0.43327367
0.44047126
0.40049317
0.36656493
0.44729224
0.44789052
0.40373248
0.37672156
0.4616408
0.47506508
0.3217979
0.31224748
0.42197296
0.4353062
0.3319736
0.31695163
0.41646153
0.42419547
0.32545847
0.38168067
0.47723523
0.46348718
0.3208732
0.36291918
0.41303563
0.46913728
0.35501397
0.34863794
0.45871267
0.3889095
0.3442491
0.39411825
0.4864502
0.44381464
0.3541774
0.32259068
0.47794142
0.5212183
0.33285534
0.32925418
0.47461316
0.4781439
0.38194934
0.31621686
0.4032946
0.404581
0.31832692
0.3539538
0.45349258
0.49655008
0.30423918
0.3519713
0.4361072
0.4275575
0.36099923
0.3067296
0.4674594
0.48024216
0.3168794
0.33440143
0.49582973
0.48952967
0.31007153
0.34174868
0.45691755
0.4526036
0.33468533
0.34811893
0.4931821
0.39240777
0.33698618
0.32041746
0.47757256
0.5325571
0.31329325
0.32916448
0.46212146
0.39533654
0.32378486
0.326748
0.50865775
0.45716676
0.3215953
0.3486234
0.45632878
0.42057225
0.3263839
0.3345185
0.46707368
0.49583113
0.3126556
0.3335053
0.44536403
0.46497086
0.3422742
0.31105655
0.46313426
0.44292888
0.29204628
0.3336945
0.40075508
0.42500925
0.31268245
0.2991107
0.47761336
0.46979105
0.34167165
0.33044645
0.42500934
0.47628415
0.32075474
0.30308655
0.36983952
0.39113274
0.3020258
0.35984844
0.46035135
0.47532737
0.31090286
0.3064704
0.3830856
0.4066774
0.32960218
0.34048817
0.42155814
0.41804996
0.34200525
0.3112929
0.38947016
0.3786879
0.31731614
0.33774897
0.42399895
0.5004589
0.3115436
0.3299281
0.39352018
0.41085795
0.33740604
0.36281
0.3939455
0.41311225
0.3073471
0.33040184
0.44714576
0.39737993
0.32051936
0.31762955
0.4221958
0.42590535
0.31684813
0.3536291
0.42783844
0.47115186
0.3617774
0.37202227
0.42508203
0.42106727
0.3072801
0.3929493
0.3960253
0.39901352
0.3165979
0.31325102
0.44340917
0.38403434
0.3631195
0.3109161
0.4060172
0.39602482
0.30625397
0.35273618
0.55520964
0.464262
0.32857043
0.31804925
0.42971218
0.5731134
0.30299905
0.29567793
0.48803595
0.48393998
0.31390733
0.33326894
0.44765782
0.42971176
0.32567483
0.3502404
0.44872108
0.44846383
0.3325653
0.3121268
0.508311
0.50322133
0.3357866
0.36320266
0.45348808
0.44242892
0.3501363
0.34968656
0.46339357
0.46328893
0.32188332
0.36495084
0.48687923
0.4090504
0.34658256
0.3426618
0.47137827
0.43842512
0.3217908
0.38109547
0.43500176
0.42133948
0.36101857
0.31647116
0.45787525
0.42896518
0.3438541
0.29543427
0.41052562
0.47585922
0.31628934
0.3663762
0.4167962
0.40412498
0.32127124
0.31240624
0.4006596
0.53632563
0.31142503
0.30100456
0.5076683
0.368979
0.30583295
0.29722607
0.456385
0.395707
0.32297575
0.3594137
0.3922566
0.38626584
0.37528884
0.3132039
0.34482065
0.4553804
0.3155522
0.36051708
0.40953857
0.4825719
0.35557353
0.33591735
0.3894593
0.44356143
0.35441783
0.3166304
0.4825736
0.42479247
0.3266143
0.30088738
0.39305228
0.38594604
0.34101287
0.37632838
0.4241175
0.4150424
0.3204633
0.3384191
0.4108204
0.45365986
0.35481483
0.35033134
0.45289466
0.43932277
0.34756437
0.32726285
0.44688
0.39782372
0.33468324
0.3115587
0.40413657
0.4440807
0.30874747
0.33491987
0.4135017
0.43766072
0.33833075
0.30896544
0.43424875
0.4253836
0.36271134
0.3437266
0.46810514
0.42336157
0.33925292
0.29222605
0.45797354
0.5025395
0.3614474
0.3463547
0.44125453
0.5272768
0.31405318
0.35684142
0.45497495
0.42623806
0.37857231
0.35229027
0.49708313
0.41176346
0.30526906
0.31424665
0.47507617
0.49440983
0.4035572
0.36937386
0.49399975
0.45784476
0.31606445
0.34662774
0.43586403
0.39088434
0.30193883
0.3279297
0.45730934
0.48797497
0.32263768
0.33056918
0.42395622
0.45832136
0.3712682
0.38521853
0.45447713
0.48293868
0.32344234
0.3367267
0.43026304
0.45291406
0.28762951
0.37327722
0.47176784
0.4627312
0.3254405
0.38439628
0.42222986
0.42395604
0.38007945
0.35135144
0.51819557
0.47409084
0.4115901
0.32778588
0.43337235
0.3968714
0.26153418
0.26987797
0.4294085
0.5479257
0.303361
0.29819983
0.4131697
0.48058972
0.27939704
0.27849266
0.44967964
0.4241319
0.30614918
0.2822574
0.44766393
0.48416674
0.32684734
0.30212635
0.39505756
0.4410611
0.2743212
0.2959335
0.4743485
0.3880763
0.29822278
0.32237917
0.52834105
0.5506266
0.3069297
0.28406337
0.4334975
0.46769565
0.3104979
0.33151838
0.43952358
0.42560327
0.28680804
0.29275212
0.42887026
0.45580262
0.28426433
0.30552354
0.5041608
0.48021
0.2963732
0.29016563
0.45580164
0.49672738
0.32139856
0.31678927
0.45139402
0.42665783
0.28201708
0.286651
0.4256052
0.39385724
0.2972068
0.31487775
0.45024276
0.44560412
0.30048358
0.3121663
0.45217082
0.4394369
0.31091288
0.31176773
0.43983597
0.41495323
0.34358475
0.29991823
0.37911603
0.43163922
0.35809395
0.36355713
0.4545387
0.40929967
0.33114824
0.30856705
0.52564764
0.4120462
0.29659012
0.30561715
0.39759684
0.5051627
0.38014436
0.33225212
0.44925722
0.45637068
0.34027642
0.31874928
0.42446136
0.48726776
0.32304037
0.30360946
0.45037833
0.38911784
0.31394038
0.36282554
0.48270324
0.37974602
0.32856363
0.34761146
0.45005077
0.4679625
0.30356574
0.30206737
0.4330339
0.4629875
0.3640907
0.33955482
0.3985845
0.44583023
0.34920615
0.34756926
0.41258326
0.3905989
0.34324744
0.3640581
0.49495435
0.44936976
0.34511092
0.30904147
0.47621462
0.43915623
0.3811032
0.34575504
0.45604476
0.51761246
0.33345658
0.35104355
0.45237985
0.44914445
0.37631866
0.334088
0.462774
0.44123754
0.34075513
0.36784932
0.42619297
0.42558742
0.28483102
0.29903135
0.43950072
0.413673
0.32195362
0.34195435
0.40250513
0.43436986
0.3373771
0.358147
0.41116372
0.40700826
0.331686
0.38607073
0.51910764
0.434146
0.3398911
0.3645777
0.40594113
0.45955718
0.34993762
0.2972516
0.47486037
0.5019296
0.3051619
0.29545042
0.42301536
0.4910979
0.35303396
0.29709643
0.47356033
0.42442563
0.3166085
0.35716218
0.48164174
0.43052685
0.32521826
0.28504658
0.48938414
0.42923597
0.33448136
0.33826834
0.4979117
0.476235
0.3806418
0.298218
0.460858
0.45091268
0.32174483
0.32944804
0.4509118
0.43847907
0.35532492
0.31054416
0.44256893
0.42860106
0.370418
0.29808256
0.4458193
0.4222289
0.3955762
0.3460766
0.44973528
0.48083308
0.40454954
0.35732606
0.41733098
0.40233132
0.36068854
0.3591832
0.44799396
0.418473
0.3134102
0.3503314
0.459775
0.44827378
0.38385227
0.3801915
0.45216545
0.42957893
0.33893415
0.33824944
0.42494404
0.45216635
0.37413028
0.31247252
0.45690152
0.4501407
0.34931645
0.40611088
0.41994306
0.42400464
0.33202243
0.3893615
0.4911218
0.44633654
0.33392638
0.3672887
0.45001435
0.45718986
0.32511973
0.32620507
0.4375291
0.44238716
0.34419197
0.35931543
0.44912887
0.4538015
0.3409766
0.29519445
0.44146144
0.4517389
0.3985288
0.37093836
0.46363574
0.48526624
0.3704765
0.3104741
0.37767053
0.43354136
0.3000669
0.33210993
0.39087
0.4269455
0.3051523
0.37695354
0.4198378
0.4212917
0.3185638
0.3759853
0.48080298
0.42717817
0.36260742
0.32779115
0.5329425
0.43523744
0.35276613
0.31085005
0.4872646
0.42757624
0.3709635
0.3256474
0.46418774
0.449343
0.35408917
0.3647872
0.53987473
0.44041365
0.3501876
0.3380389
0.41838035
0.37766993
0.3403045
0.35648173
0.4357725
0.44991827
0.31262434
0.42137128
0.469101
0.4853685
0.3181296
0.32161582
0.43546185
0.4081467
0.36338788
0.35757264
0.49211875
0.49309072
0.31246853
0.36066097
0.4248447
0.43151844
0.31739783
0.36504006
0.48718214
0.46616265
0.3181118
0.3169043
0.49699715
0.49691767
0.33061787
0.3087306
0.4554706
0.43394926
0.3531809
0.31029594
0.47796178
0.44756243
0.3278606
0.33592847
0.4378735
0.42484513
0.33857688
0.36364052
0.45500073
0.47118875
0.32233173
0.32746184
0.47131416
0.46414018
0.31614724
0.3108739
0.487345
0.4676937
0.32362607
0.3064758
0.4959486
0.47702682
0.31559664
0.3284292
0.496919
0.4460196
0.31516874
0.3231993
0.48293138
0.45136982
0.30877936
0.34064677
0.3970934
0.50903696
0.3038234
0.30582175
0.5446988
0.43811503
0.3269101
0.31725717
0.49984866
0.45492718
0.29038313
0.33390823
0.50142837
0.44569042
0.3368383
0.3008079
0.4835442
0.42989242
0.30665064
0.31628913
0.41113025
0.41356802
0.32026657
0.30174693
0.3950086
0.5041019
0.28896242
0.3211725
0.43073386
0.4181536
0.30232552
0.37179703
0.47019675
0.46512935
0.30764347
0.31993505
0.4251277
0.43748972
0.31645215
0.331872
0.4198789
0.41433
0.3632984
0.30085146
0.47597522
0.4374008
0.27740842
0.30276024
0.43782848
0.45934752
0.40558925
0.32831115
0.44553226
0.41112944
0.3176766
0.29522675
0.43238345
0.43246475
0.34097156
0.32636702
0.36593023
0.5207012
0.2986722
0.29394504
0.5347519
0.37916332
0.29913142
0.31629965
0.47103456
0.38028106
0.31457037
0.33965278
0.453296
0.44020537
0.3480727
0.32852575
0.3855053
0.4628977
0.31605384
0.37769374
0.38812807
0.49597993
0.3200834
0.31463778
0.43765542
0.40562525
0.3095768
0.32811043
0.3631422
0.4532969
0.33959582
0.31298155
0.38769457
0.5554744
0.37157443
0.3141921
0.43266186
0.35981122
0.31757405
0.34310302
0.37928867
