0.64000916
0.5836169
0.6400067
0.5638518
0.71533865
0.5640734
0.70438135
0.6051102
0.67513114
0.57282937
0.6751317
0.6277315
0.6235203
0.6715023
0.6780894
0.5654446
0.67808104
0.57751346
0.72039586
0.6004866
0.6666045
0.60007775
0.6204215
0.5880382
0.679542
0.6006185
0.6795551
0.62836194
0.62371343
0.5688969
0.62370723
0.59327656
0.65323746
0.63959545
0.58954877
0.57486874
0.5952631
0.61493176
0.8317722
0.6225719
0.6428626
0.58765227
0.7178517
0.5997558
0.6182834
0.566632
0.72107893
0.6453686
0.7210768
0.6603955
0.76576936
0.6589499
0.7657663
0.558051
0.6911114
0.62376654
0.6911114
0.5802052
0.7962712
0.5939584
0.6323569
0.59721583
0.6323563
0.60525507
0.7391466
0.63195467
0.60852796
0.6386889
0.608523
0.6206664
0.5663153
0.6130549
0.7307509
0.5876516
0.6085074
0.53894156
0.57516456
0.6507871
0.5773933
0.60399747
0.70556706
0.5888795
0.6004976
0.5730405
0.58298975
0.58253056
0.59879863
0.6499853
0.58640105
0.6504567
0.8515973
0.57406527
0.85160905
0.55573523
0.6011723
0.6523997
0.7164436
0.65370476
0.60117155
0.63576525
0.6009132
0.6255227
0.60356903
0.6033442
0.6867497
0.6877159
0.57111716
0.67122954
0.65321386
0.6131079
0.6643564
0.6571392
0.6750164
0.68185776
0.6872975
0.6465962
0.6677107
0.5956145
0.5688206
0.5589568
0.60361147
0.60708094
0.66435766
0.600308
0.6057335
0.57021236
0.6870413
0.6007858
0.6617449
0.577564
0.5836846
0.60683626
0.6011191
0.72772723
0.5977585
0.6239264
0.63255286
0.61092275
0.60382414
0.60877746
0.68775487
0.64444464
0.5990216
0.585893
0.58316004
0.6036581
0.62262636
0.6124129
0.62149537
0.59899795
0.5696813
0.533288
0.677137
0.59432966
0.62196493
0.57198393
0.6804314
0.60714424
0.6108416
0.5720465
0.6177128
0.6494266
0.6904056
0.6078484
0.5787817
0.58089453
0.81295353
0.5818938
0.8129541
0.555083
0.64549094
0.5887553
0.6454842
0.61146015
0.63675195
0.60747623
0.68997544
0.62825286
0.6410143
0.61379683
0.611371
0.5801428
0.7156868
0.62401766
0.611367
0.61522347
0.71567386
0.653755
0.6708357
0.6606889
0.7309897
0.6524995
0.66923964
0.62983406
0.562738
0.55965406
0.66231287
0.62023056
0.68779534
0.6793085
0.683602
0.6225873
0.6473898
0.6221772
0.7832858
0.5836819
0.6512949
0.6281636
0.661142
0.6164843
0.661142
0.65159124
0.69168186
0.58270997
0.6916844
0.579105
0.6422717
0.589828
0.64226806
0.55459434
0.61731976
0.66328895
0.61732835
0.5470284
0.6326684
0.5918069
0.706672
0.6581148
0.6160373
0.5855476
0.65699995
0.5779241
0.60024995
0.5744214
0.68665624
0.6365251
0.71019906
0.5874443
0.6160493
0.5890625
0.72864294
0.6391541
0.60252833
0.6358626
0.67815953
0.60500556
0.675696
0.58156943
0.74698377
0.58911765
0.6151348
0.61909616
0.66955304
0.6163477
0.7057055
0.63248426
0.67313975
0.60650927
0.7188608
0.66134995
0.6666968
0.5830295
0.6113522
0.6160503
0.68865097
0.59133613
0.62793976
0.5680712
0.6392132
0.6157289
0.68672484
0.6098097
0.66162986
0.6493102
0.6728885
0.6251706
0.6860565
0.6192166
0.68605834
0.6044592
0.6986456
0.6431925
0.66831195
0.60362965
0.7013053
0.6513182
0.6335414
0.56213003
0.7811787
0.6341995
0.70212394
0.5763282
0.728613
0.70485157
0.696661
0.61995596
0.7200537
0.61474246
0.58819693
0.58461106
0.6751981
0.59005815
0.6698685
0.6496911
0.58306664
0.5734126
0.6372248
0.5809923
0.60705626
0.5394652
0.68710655
0.60135347
0.6714057
0.63767326
0.6744182
0.62209976
0.6573528
0.5822858
0.6790308
0.618073
0.7441425
0.60433626
0.69644433
0.6500472
0.66469944
0.6368162
0.61458796
0.57622993
0.69257426
0.6634142
0.6541609
0.58587915
0.7291291
0.5939669
0.6744114
0.61640155
0.6935843
0.63997954
0.6320375
0.55708253
0.6803364
0.6160638
0.7184766
0.71373916
0.6156433
0.591999
0.5777204
0.57600385
0.7034569
0.6046837
0.6309438
0.55990326
0.68665457
0.6328552
0.6190258
0.5880934
0.6077951
0.5884972
0.6163946
0.6271158
0.6670467
0.55347025
0.70066565
0.6369827
0.61692524
0.58205575
0.61153245
0.6000113
0.57772124
0.61697906
0.6119397
0.60772777
0.61603004
0.6813186
0.5922632
0.58810204
0.64081603
0.55002904
0.6443812
0.6466343
0.66203296
0.60485715
0.71939284
0.60079914
0.7193919
0.6575772
0.64438754
0.6500009
0.79886484
0.6489636
0.7794136
0.6078872
0.7988691
0.6481736
0.7371509
0.5798626
0.7371622
0.67162675
0.7291609
0.61931807
0.7291467
0.6304883
0.62169766
0.5763603
0.6217072
0.73316985
0.6336341
0.5687523
0.6617097
0.6062903
0.6424786
0.6396955
0.7022244
0.591448
0.60325855
0.60856724
0.5509299
0.6860615
0.6694487
0.57088757
0.6694455
0.56824595
0.75462
0.5592311
0.59570175
0.71720946
0.59964484
0.6505353
0.5860818
0.54207975
0.6059288
0.58846825
0.6543263
0.6073253
0.6270888
0.59398174
0.5996455
0.6052773
0.6183282
0.58696806
0.5839079
0.5947583
0.5933985
0.60184956
0.5933934
0.55046135
0.6708188
0.63541996
0.6808828
0.55566853
0.64475113
0.59723
0.7135883
0.6559991
0.64365953
0.5959738
0.6273979
0.6409399
0.67080873
0.62751794
0.7064945
0.61712295
0.675637
0.6314661
0.64420867
0.62359154
0.67350185
0.63783723
0.643377
0.6087378
0.67796546
0.6079902
0.6625889
0.58124346
0.64299953
0.62482786
0.6068443
0.6528511
0.5848453
0.56155765
0.5776408
0.6702328
0.67350614
0.5982356
0.66572475
0.6058732
0.66573155
0.61266243
0.65565044
0.671294
0.72202826
0.5465435
0.7743589
0.64825314
0.6748264
0.6372942
0.6584068
0.6705535
0.6767031
0.66122013
0.60944235
0.5914412
0.6192022
0.5750502
0.65437996
0.5760037
0.6613282
0.6632948
0.6837564
0.5684155
0.68177927
0.60549563
0.6900118
0.6589546
0.62012583
0.6538991
0.5800689
0.6370694
0.58007514
0.60966665
0.6252299
0.6062415
0.7445224
0.62882185
0.65422565
0.5920646
0.6683735
0.5861335
0.6178006
0.6648981
0.66145074
0.6344208
0.69740444
0.655394
0.76896596
0.66856
0.648262
0.58216965
0.64826024
0.636449
0.6707795
0.6444353
0.6707816
0.6549907
0.6473784
0.64301884
0.64772844
0.5486404
0.65744
0.59366375
0.7118818
0.6157353
0.7083423
0.6218673
0.72026664
0.61992437
0.7306096
0.6133588
0.7202744
0.65170944
0.6545366
0.55257124
0.6545436
0.5875766
0.6033751
0.6167823
0.6891141
0.5945289
0.6579065
0.64717036
0.6150637
0.61583096
0.6279548
0.6323962
0.6876067
0.61432284
0.6613065
0.6323258
0.6528072
0.5941094
0.5928329
0.6285247
0.6402687
0.5802995
0.64263994
0.591425
0.5876321
0.6296275
0.6400243
0.663606
0.5876329
0.6375008
0.67044497
0.6025834
0.66784656
0.5913731
0.6174567
0.62271976
0.6167829
0.60360944
0.62889755
0.5556121
0.5622091
0.57168764
0.6213707
0.62125146
0.62843126
0.61155313
0.5788249
0.64699596
0.6494312
0.62512964
0.6584441
0.6612747
0.61777794
0.6084599
0.6486344
0.6276387
0.6083234
0.60317135
0.62671953
0.6255184
0.57183594
0.6077338
0.68041956
0.62985533
0.6782024
0.6188539
0.7044214
0.6255129
0.66506034
0.6889348
0.60423195
0.5754537
0.6453891
0.6365327
0.61034185
0.6136116
0.6103437
0.6269665
0.7335298
0.6840289
0.7335277
0.6126396
0.61179006
0.5577418
0.6173538
0.6137578
0.6173624
0.5921519
0.7220064
0.6121884
0.74047506
0.60478044
0.6256813
0.60597724
0.6654826
0.6211274
0.60632443
0.63259375
0.72623104
0.5817157
0.60960937
0.554559
0.61556387
0.6549838
0.6052425
0.5691229
0.6949218
0.6392505
0.61090046
0.58320194
0.6404
0.6611694
0.64061826
0.58265513
0.7066663
0.55245847
0.6501836
0.62558323
0.64497393
0.654733
0.62881863
0.57900923
0.6083069
0.6832385
0.6083004
0.5960895
0.65076154
0.58976585
0.6707728
0.5726779
0.5666965
0.56888366
0.6285192
0.6183306
0.6392341
0.5611812
0.5994585
0.56893194
0.55141246
0.5610164
0.67414105
0.5295535
0.62501943
0.55256003
0.5888732
0.58782977
0.75999504
0.60526246
0.65637934
0.5762984
0.69500965
0.6475742
0.59125453
0.58996505
0.68449295
0.61315656
0.75999546
0.6066708
0.67855775
0.563788
0.7100176
0.59068614
0.6283469
0.60135686
0.5700556
0.6017915
0.5675259
0.5418892
0.58985114
0.5800724
0.6069201
0.59093887
0.5555667
0.5681413
0.64085466
0.6466976
0.65690976
0.65639085
0.7206588
0.6285542
0.7525907
0.57789403
0.75258666
0.6344359
0.7861378
0.6431639
0.5805374
0.57670563
0.6845148
0.60513693
0.7132047
0.6125847
0.7861322
0.6341988
0.61941
0.55950224
0.59788996
0.5885154
0.6494885
0.62607634
0.6494892
0.6196624
0.80877525
0.61414325
0.808792
0.63798267
0.6469085
0.63700897
0.58882385
0.6414804
0.6004
0.61252934
0.6079802
0.6148646
0.5888241
0.639768
0.6967024
0.6351452
0.6589899
0.58905697
0.65900034
0.5600069
0.6074569
0.5879132
0.56573313
0.5897656
0.56545675
0.5771554
0.5890574
0.5615332
0.6769905
0.6810053
0.5930106
0.62414163
0.63398594
0.64290977
0.6043549
0.5728098
0.6448021
0.61684006
0.55813605
0.63305175
0.59238905
0.554429
0.59239084
0.5912554
0.59841675
0.58978975
0.6383214
0.60728854
0.7261138
0.6382599
0.6007385
0.60286707
0.701192
0.6106861
0.63631016
0.62377924
0.6916548
0.59779346
0.6868343
0.57565373
0.56819457
0.60079575
0.58737963
0.5845334
0.6956882
0.5864929
0.5846988
0.585145
0.59692335
0.6031143
0.6087468
0.58932984
0.6481812
0.5933178
0.6080367
0.61357754
0.6005068
0.6562284
0.62932056
0.64370954
0.8305968
0.58291835
0.83060247
0.63895583
0.8000242
0.68777466
0.80002683
0.6242912
0.62905675
0.6616351
0.62905896
0.65456885
0.60972583
0.5589342
0.7310942
0.5882198
0.72676075
0.5818248
0.726762
0.6090862
0.5743596
0.5799504
0.57435757
0.58982784
0.73309726
0.6594747
0.6938246
0.61315954
0.73310846
0.56798035
0.5488494
0.5887031
0.583676
0.56340873
0.5488473
0.6215144
0.58200854
0.6020581
0.66519785
0.5971273
0.5852128
0.60807836
0.6691184
0.6556163
0.61985296
0.6337145
0.6443866
0.6321961
0.648175
0.59827614
0.6509685
0.602288
0.68028426
0.56405336
0.6627617
0.63250494
0.65096414
0.6216502
0.6838315
0.6302707
0.6375416
0.58479434
0.63248396
0.58978885
0.63248205
0.585328
0.648704
0.6092134
0.6781544
0.6611913
0.6286392
0.6403543
0.62863386
0.561041
0.6106806
0.59191287
0.569636
0.6173961
0.6039101
0.664092
0.6218325
0.55562705
0.60506386
0.6370262
0.68894154
0.5786828
0.6359236
0.65002966
0.70429116
0.6223386
0.6736202
0.5888023
0.6857228
0.57722527
0.6712572
0.5635091
0.7068132
0.6418793
0.67808974
0.65209293
0.6712534
0.6245591
0.62305665
0.622352
0.62305635
0.62694144
0.6056147
0.61406296
0.5713236
0.61158246
0.614679
0.60951215
0.6535852
0.5893811
0.60838675
0.5879808
0.6051517
0.60153216
0.6261887
0.6166792
0.6232281
0.61919814
0.60468537
0.6396226
0.7137111
0.69319856
0.61326915
0.571095
0.62510407
0.64403147
0.64943635
0.64527816
0.5816535
0.63239
0.60228187
0.62554353
0.6306128
0.6384311
0.65738314
0.6299725
0.6306093
0.56777465
0.5512111
0.65140647
0.55120814
0.6053963
0.56876606
0.6290997
0.6822782
0.6196433
0.7009354
0.59206885
0.6931753
0.6085979
0.6931774
0.57744163
0.6265485
