.//140/140b.jpg 56 113 215 330 104 186 180 188 146 239 98 259 180 260
.//10/10b.jpg 39 98 209 311 88 172 171 176 130 229 89 254 161 257
.//100/100a.jpg 52 115 218 322 91 174 176 175 131 214 99 263 168 263
.//100/100b.jpg 51 102 221 316 90 174 176 173 131 220 97 257 173 256
.//107/107a.jpg 54 122 221 340 101 186 181 189 141 228 98 267 174 270
.//36/36a.jpg 52 120 214 324 95 180 176 176 140 217 108 270 173 266
.//198/198a.jpg 53 113 213 319 93 179 169 175 132 213 104 260 167 256
.//102/102a.jpg 60 104 218 315 100 180 176 179 139 228 108 260 171 259
.//102/102b.jpg 52 91 217 313 97 174 176 171 139 223 98 249 178 246
.//92/92a.jpg 47 103 209 316 101 174 176 175 148 213 113 262 170 262
.//86/86a.jpg 51 104 213 315 98 178 176 177 142 217 108 261 170 260
.//128/128a.jpg 61 104 221 317 98 179 174 177 133 227 105 261 170 260
.//104/104a.jpg 56 123 217 328 105 183 181 184 149 224 109 265 175 265
.//119/masked_119a.jpg 56 80 215 304 97 176 176 176 138 226 104 251 172 251
.//51/51b.jpg 49 101 219 317 92 171 177 166 138 225 92 245 185 241
.//11/11a.jpg 51 93 216 310 96 174 176 171 138 223 102 254 173 251
.//11/11b.jpg 50 94 220 318 92 170 178 170 136 228 93 251 178 250
.//2/2a.jpg 49 125 215 335 95 191 174 189 138 236 101 274 171 272
.//86/86b.jpg 52 100 216 316 96 173 179 174 139 220 98 254 174 254
.//127/127a.jpg 48 109 212 325 94 179 176 179 138 227 100 268 167 268
.//199/199a.jpg 51 115 215 330 96 183 173 182 135 224 99 266 168 265
.//144/144b.jpg 56 96 215 311 98 174 176 173 137 215 100 250 173 249
.//142/142b.jpg 48 98 217 314 92 171 178 173 137 217 100 257 170 259
.//175/175a.jpg 49 117 215 328 94 184 177 184 138 237 96 266 174 266
.//86/masked_86a.jpg 59 78 211 302 98 176 174 176 137 224 104 250 169 250
.//164/164b.jpg 55 115 217 329 100 182 177 183 140 228 98 257 176 258
.//195/195a.jpg 55 97 217 316 96 178 176 177 135 227 98 256 173 255
.//117/117a.jpg 48 109 212 317 94 174 177 175 138 216 99 260 169 259
.//117/117b.jpg 62 99 231 316 95 174 182 169 135 221 102 255 183 252
.//119/119a.jpg 48 119 206 319 96 179 172 178 143 215 110 265 169 264
.//119/masked_119b.jpg 55 80 212 303 98 178 175 178 138 227 103 252 170 251
.//119/119b.jpg 46 90 204 309 96 174 174 180 137 224 93 251 162 256
.//39/39b.jpg 55 90 220 314 94 171 175 170 132 218 94 246 176 245
.//121/121a.jpg 55 106 211 314 97 175 174 175 138 219 108 264 165 263
.//121/121b.jpg 55 96 220 318 94 171 177 171 134 227 95 252 177 252
.//136/136a.jpg 58 97 218 312 96 175 173 173 133 225 99 252 173 250
.//126/126b.jpg 51 112 223 327 93 178 181 174 139 234 91 253 188 251
.//128/128b.jpg 63 97 223 311 98 181 173 176 133 224 103 250 178 246
.//128/masked_128b.jpg 64 83 214 303 97 179 171 179 132 225 104 251 169 251
.//130/130b.jpg 51 113 213 314 93 170 174 174 130 213 90 247 169 251
.//129/129a.jpg 47 122 213 335 96 186 174 186 139 229 99 268 169 268
.//136/136b.jpg 55 88 224 315 92 171 176 168 131 230 93 247 180 244
.//19/19a.jpg 53 112 222 328 99 181 179 183 138 224 101 263 170 265
.//79/79b.jpg 48 99 215 316 93 174 176 170 138 226 92 248 181 245
.//130/130a.jpg 56 115 215 319 95 177 176 176 134 214 102 262 169 261
.//137/137b.jpg 56 88 219 310 95 170 175 168 134 222 95 244 177 242
.//157/157b.jpg 54 103 222 318 94 173 178 174 133 226 90 248 179 249
.//134/134b.jpg 46 89 222 313 87 171 179 167 134 226 93 252 179 248
.//135/135a.jpg 54 99 212 310 99 176 174 173 142 217 112 258 171 255
.//135/135b.jpg 54 91 221 315 97 174 178 172 137 222 98 251 179 248
.//15/15b.jpg 60 101 226 318 97 173 177 170 134 226 98 251 181 249
.//136/masked_136b.jpg 50 76 205 300 93 177 168 173 135 226 101 250 166 247
.//137/137a.jpg 60 97 215 306 100 173 173 173 136 218 106 252 167 252
.//139/139a.jpg 54 106 213 312 97 178 174 177 137 217 105 259 169 258
.//139/139b.jpg 51 98 219 316 94 174 176 174 136 216 96 251 176 250
.//140/140a.jpg 55 121 217 329 100 185 178 184 141 232 107 271 172 270
.//65/65a.jpg 47 116 211 325 90 178 172 176 135 219 104 269 167 267
.//142/142a.jpg 53 116 218 322 97 180 176 179 138 214 105 262 170 260
.//142/masked_142a.jpg 60 77 216 304 96 174 176 177 134 228 101 251 170 253
.//144/144a.jpg 58 99 215 305 97 174 175 173 136 212 106 254 168 253
.//144/masked_144b.jpg 58 81 210 303 98 178 173 177 138 222 105 250 170 249
.//144/masked_144a.jpg 59 81 210 302 99 176 173 176 138 222 105 249 170 249
.//145/145a.jpg 52 113 217 328 97 182 176 183 137 225 99 262 170 264
.//156/masked_156a.jpg 63 81 216 299 100 176 173 178 134 229 105 249 168 250
.//173/173b.jpg 60 95 222 307 96 174 172 173 130 223 100 247 171 246
.//15/15a.jpg 60 117 222 324 100 184 176 182 137 222 106 261 172 260
.//37/37b.jpg 53 102 221 318 96 171 181 174 137 226 94 253 177 255
.//152/152a.jpg 53 118 214 319 89 178 170 174 130 221 100 265 168 261
.//152/152b.jpg 50 92 223 311 85 169 174 167 125 225 93 252 173 250
.//26/26b.jpg 58 110 220 322 100 177 177 176 138 217 100 253 177 252
.//156/156a.jpg 60 109 218 318 94 178 176 177 133 215 103 262 170 261
.//156/masked_156b.jpg 63 79 216 299 99 175 174 176 135 228 105 248 170 249
.//156/156b.jpg 58 93 223 313 97 174 178 172 135 216 96 246 180 244
.//157/157a.jpg 53 116 219 327 99 181 176 182 137 222 100 261 169 263
.//159/159a.jpg 56 121 220 329 93 184 172 180 129 223 102 269 169 265
.//167/167a.jpg 51 100 213 312 95 171 175 167 140 221 104 258 172 255
.//189/189b.jpg 54 110 218 318 93 176 177 170 137 222 96 253 182 248
.//163/163b.jpg 59 89 221 308 98 172 181 175 137 223 98 250 173 252
.//164/164a.jpg 55 124 219 331 96 186 174 184 135 227 104 271 168 269
.//167/167b.jpg 54 103 219 311 96 166 179 165 138 221 96 245 180 243
.//19/19b.jpg 47 118 216 331 94 178 175 178 137 217 95 258 173 259
.//170/170a.jpg 56 112 215 319 97 177 177 175 139 220 106 264 172 262
.//87/87b.jpg 57 93 221 318 95 174 177 175 132 229 93 250 178 250
.//173/173a.jpg 57 101 215 309 99 173 175 174 138 220 105 256 168 256
.//51/51a.jpg 53 102 219 319 94 173 176 171 136 225 102 260 173 258
.//175/175b.jpg 51 110 215 325 97 180 178 178 141 235 94 253 182 252
.//176/176a.jpg 52 122 218 329 97 183 176 182 137 221 100 264 170 263
.//195/195b.jpg 55 99 219 322 97 179 176 178 135 228 91 247 180 247
.//189/189a.jpg 52 107 216 320 96 177 176 173 139 216 105 262 173 259
.//87/87a.jpg 57 103 216 316 96 176 176 177 133 222 99 259 168 260
.//198/198b.jpg 54 119 220 323 93 182 174 172 137 221 102 261 183 252
.//79/79a.jpg 52 106 214 318 95 177 175 174 137 221 106 265 169 262
.//26/26a.jpg 49 117 207 316 94 176 172 178 137 212 106 262 165 264
.//43/43a.jpg 45 99 214 313 92 173 176 173 140 209 103 255 171 255
.//72/72a.jpg 54 117 215 322 92 180 171 177 129 219 99 263 167 260
.//37/37a.jpg 54 117 217 326 97 182 175 182 136 222 101 262 170 261
.//39/39a.jpg 54 101 212 309 97 174 174 175 136 212 106 257 164 258
.//39/masked_39b.jpg 57 79 213 303 95 176 172 177 133 226 101 251 167 251
.//39/masked_39a.jpg 57 80 212 304 96 177 172 177 134 225 103 252 168 251
.//90/90a.jpg 59 126 225 331 103 181 181 182 140 219 106 266 172 266
.//43/43b.jpg 47 89 216 309 91 174 174 172 135 217 95 247 174 245
.//60/60a.jpg 54 116 218 325 103 180 181 183 144 228 104 262 171 265
.//60/masked_60b.jpg 60 85 212 298 96 175 174 176 134 225 100 247 168 248
.//60/masked_60a.jpg 60 87 211 298 98 175 174 177 136 224 102 247 168 248
.//60/60b.jpg 50 92 221 311 89 171 178 169 133 228 95 251 177 249
.//84/84b.jpg 58 106 226 319 91 176 177 174 129 221 95 258 174 257
.//63/63a.jpg 37 117 199 328 93 182 167 182 141 221 100 265 162 265
.//94/94a.jpg 44 124 210 332 91 180 175 184 134 224 96 272 161 275
.//69/69a.jpg 54 104 216 320 97 175 177 177 137 229 100 260 169 262
.//75/75a.jpg 53 112 216 318 93 174 177 174 134 221 99 261 171 260
.//75/75b.jpg 47 106 213 312 89 171 172 172 131 217 93 252 170 252
.//96/96a.jpg 60 119 225 322 96 177 177 175 134 219 106 266 171 265
.//82/82a.jpg 60 121 217 321 96 178 178 175 136 218 108 269 171 265
.//84/84a.jpg 52 97 218 314 90 173 171 172 127 221 94 254 168 253
.//87/masked_87b.jpg 60 80 214 300 96 176 173 177 132 226 101 249 168 249
.//91/91a.jpg 48 115 212 319 101 175 177 178 146 221 104 258 169 260
.//92/92b.jpg 54 98 219 315 94 173 177 170 137 211 101 253 178 250
.//96/96b.jpg 51 112 216 319 92 177 176 173 136 228 94 256 179 253
.//98/98a.jpg 53 121 213 319 94 173 175 175 134 211 102 262 166 263
