0.64000916
0.55783266
0.6400067
0.58013165
0.73152834
0.65833783
0.70438135
0.628449
0.67513114
0.59820276
0.7408143
0.5990126
0.6314311
0.6014346
0.6780894
0.68024033
0.67808104
0.63319814
0.62042356
0.6217812
0.7203973
0.53660625
0.6204215
0.6227097
0.679542
0.5978934
0.6795551
0.60941076
0.62371343
0.6132312
0.62370723
0.57114947
0.65323746
0.6255103
0.5983075
0.58350176
0.5983103
0.6192522
0.58954775
0.56884235
0.6428626
0.6101641
0.6182897
0.6173757
0.64285755
0.5503248
0.72107893
0.6168983
0.7210768
0.5851132
0.76576936
0.64753586
0.7657663
0.57040524
0.69070476
0.6573189
0.7962616
0.5697892
0.7962712
0.6901924
0.6287439
0.53359246
0.7391397
0.59659535
0.7391466
0.59746057
0.60852796
0.6634973
0.608523
0.5290853
0.56893724
0.6066915
0.7307509
0.56581396
0.6399085
0.5829681
0.65248513
0.6529475
0.5939262
0.5799125
0.56972885
0.63223857
0.6004976
0.60792094
0.58188266
0.57346416
0.615121
0.67022943
0.5727611
0.5405187
0.8515973
0.564211
0.85160905
0.5515775
0.6011723
0.58931625
0.7164436
0.6648382
0.60117155
0.62333244
0.73453176
0.62192464
0.6213278
0.58491904
0.6709767
0.6206484
0.6891268
0.6481412
0.63745046
0.59773856
0.65568364
0.6611577
0.61104906
0.6580662
0.6872975
0.6821376
0.66487604
0.617997
0.6641454
0.57681197
0.5955525
0.6179788
0.60356843
0.6448642
0.6804508
0.63490564
0.6198574
0.6646793
0.6057357
0.6264928
0.61075276
0.54603237
0.7061309
0.60511225
0.6108377
0.61507696
0.65937585
0.60505295
0.6260443
0.64717203
0.6396507
0.6652542
0.6329802
0.60275275
0.63484675
0.5836613
0.65599805
0.5929705
0.6687314
0.6163165
0.57169056
0.522762
0.63710874
0.58004475
0.63171566
0.64539886
0.6348479
0.6058762
0.5818453
0.65702504
0.6177128
0.656561
0.6571476
0.5964631
0.5787817
0.58505523
0.81295353
0.5866654
0.5787811
0.586057
0.64549094
0.6064371
0.63674706
0.62463
0.6372094
0.6142193
0.6425455
0.67175984
0.6410143
0.5997786
0.58196723
0.61875147
0.63018996
0.5977995
0.611367
0.6878223
0.64099866
0.6159837
0.6513038
0.59153956
0.6869564
0.672962
0.70824504
0.6861811
0.5884749
0.53825915
0.66231287
0.62544113
0.68779534
0.6343731
0.5816189
0.6042298
0.6661619
0.64690006
0.5627309
0.6860682
0.6606052
0.6975898
0.661142
0.627483
0.661142
0.636892
0.69168186
0.57970107
0.6916844
0.6345639
0.6422717
0.5841479
0.64226806
0.5854818
0.61731976
0.5841949
0.6326721
0.5893564
0.6326684
0.5975995
0.7191349
0.66899955
0.6185058
0.58123314
0.6866502
0.5989317
0.60017335
0.5980623
0.709192
0.6551999
0.71019906
0.6351721
0.710191
0.5686785
0.6815054
0.5971985
0.66695404
0.6091338
0.6887412
0.62859327
0.66954154
0.582964
0.6992742
0.59292024
0.61392915
0.6110335
0.66696465
0.60865873
0.7132187
0.5941164
0.6476743
0.64446306
0.6756998
0.61743486
0.6091382
0.5746246
0.6156036
0.5910858
0.62413067
0.6188894
0.68865097
0.59826523
0.6241405
0.60635424
0.7013994
0.6323692
0.64099526
0.6293548
0.6728885
0.63441116
0.6860565
0.5496502
0.68605834
0.61755264
0.6753756
0.6263387
0.74626017
0.6452758
0.63354766
0.65529764
0.6335414
0.5723025
0.7228479
0.64752585
0.65065295
0.6251153
0.7200455
0.62989783
0.696661
0.65668106
0.696665
0.63582397
0.65025353
0.59997034
0.6751981
0.6063512
0.6346954
0.58630854
0.66986144
0.6155667
0.67552394
0.56930214
0.5932075
0.5671647
0.5881974
0.5961368
0.65157396
0.59812474
0.581509
0.641079
0.65579545
0.68011427
0.6461793
0.59970134
0.67645246
0.64138454
0.6560424
0.6060777
0.68568224
0.6453193
0.6320283
0.5449519
0.65894103
0.6677341
0.671842
0.5641912
0.61897224
0.65186566
0.6744114
0.6328062
0.67667747
0.6443449
0.63980466
0.5566968
0.74389344
0.63035697
0.6435058
0.6454334
0.72942704
0.5937956
0.6637512
0.56292063
0.7293574
0.6718213
0.62814313
0.55908453
0.6658294
0.60920805
0.5752916
0.5431398
0.61882585
0.59226537
0.60388815
0.6099382
0.56545246
0.6084286
0.6545311
0.5910015
0.6612421
0.5553839
0.619855
0.6172776
0.53463167
0.57897246
0.6940924
0.6333244
0.6595412
0.605973
0.6455554
0.634874
0.6176275
0.5903664
0.6516295
0.6528386
0.66518563
0.6563754
0.6516281
0.5836227
0.7193919
0.63103575
0.69142836
0.64199233
0.79886484
0.6155879
0.7794136
0.67783993
0.7988691
0.64937705
0.7371509
0.61496234
0.7371622
0.60148793
0.7291609
0.64223874
0.7291467
0.6106736
0.62169766
0.62689924
0.7148925
0.61276895
0.6336341
0.61107725
0.6617097
0.58940214
0.68721765
0.6436945
0.5828074
0.5303731
0.64248365
0.6086574
0.5710854
0.62011766
0.6078788
0.58842325
0.60325515
0.59199333
0.69743365
0.5652648
0.76183206
0.5942709
0.5945809
0.63007855
0.5877243
0.52071494
0.5716979
0.5580114
0.58570194
0.6714453
0.65432656
0.64318246
0.6183258
0.56289905
0.58570164
0.57571024
0.5839079
0.5851673
0.5933985
0.588363
0.5933934
0.592003
0.6708188
0.67056155
0.5988086
0.6602727
0.7012197
0.5619314
0.6129118
0.61570686
0.6077249
0.5813447
0.6541408
0.60675555
0.7278854
0.56232363
0.60035974
0.60961384
0.63557833
0.68516564
0.71937835
0.61726326
0.6803328
0.5901038
0.6273914
0.6028228
0.62943137
0.631331
0.70510256
0.6237008
0.71450627
0.6158713
0.62023175
0.5928898
0.57734
0.5401599
0.637141
0.6612131
0.6826358
0.58117217
0.66572475
0.60898566
0.66573155
0.6440573
0.6601819
0.6221101
0.7743615
0.66225064
0.7078853
0.5830902
0.70787954
0.6557036
0.6584068
0.61778486
0.6803447
0.6503555
0.60944235
0.6587203
0.6192022
0.60730034
0.6181141
0.606592
0.6192082
0.66732484
0.6837564
0.64218223
0.6613228
0.6174621
0.6900118
0.6042327
0.65937036
0.6103991
0.6024609
0.6469884
0.58007514
0.6566261
0.6695303
0.73479563
0.8002984
0.6557629
0.6933015
0.5999074
0.66861457
0.63495964
0.6178006
0.659371
0.6682862
0.62181306
0.69740444
0.5960866
0.6882916
0.6463685
0.648262
0.58126926
0.64826024
0.61418605
0.6707795
0.6377101
0.6707816
0.62923336
0.69550097
0.64674824
0.74957186
0.6177586
0.7118793
0.5940198
0.6955088
0.6260508
0.7083423
0.60104626
0.72026664
0.60858184
0.7024533
0.6844541
0.7306145
0.59442973
0.6545366
0.57365584
0.6545436
0.56847006
0.6033751
0.59156835
0.6165981
0.61240995
0.67459613
0.617088
0.625314
0.63304603
0.62332004
0.5681403
0.5996636
0.6469223
0.6979313
0.5859326
0.6294685
0.5974062
0.63936216
0.65908706
0.619604
0.56056637
0.60690516
0.68883705
0.67603785
0.58648854
0.6400243
0.6598598
0.64002234
0.63150996
0.6102037
0.6314743
0.69072783
0.602573
0.6314233
0.56157476
0.6733547
0.65573734
0.5907629
0.6500213
0.59014416
0.5857683
0.6689045
0.6026739
0.6385733
0.59210086
0.6499239
0.6349704
0.6477367
0.59643734
0.6919765
0.71192473
0.60926473
0.6624251
0.61780053
0.5915433
0.66605824
0.66711694
0.6512917
0.6152671
0.61494315
0.5525699
0.6476265
0.6475364
0.63006526
0.63257354
0.6388128
0.62515306
0.6172567
0.5802984
0.64773923
0.61962676
0.63609874
0.67153615
0.61034185
0.6183486
0.6103437
0.6203547
0.7335298
0.59754884
0.61179286
0.6639381
0.6138272
0.5836252
0.6173538
0.5421777
0.6173624
0.5536335
0.7220064
0.66673726
0.7339507
0.63309264
0.7118828
0.6678255
0.7073367
0.5854824
0.61025214
0.61164683
0.67120606
0.61056334
0.6269652
0.5855625
0.6368091
0.65732396
0.56979823
0.5932648
0.68069893
0.6589203
0.6820918
0.64121795
0.68070036
0.6547236
0.68252933
0.58285147
0.62449527
0.55498224
0.6501836
0.6376263
0.6507643
0.58325005
0.62881863
0.6527417
0.6083069
0.6139633
0.6468602
0.60138726
0.6288188
0.67731583
0.60300076
0.6601212
0.63923514
0.5663611
0.6285192
0.5422418
0.6165447
0.58674306
0.6616846
0.5693499
0.6285198
0.64872193
0.6010342
0.58279526
0.59945786
0.5974807
0.6454167
0.5726354
0.6502532
0.6077651
0.70251524
0.6097513
0.6087947
0.6005
0.5899288
0.5434696
0.701776
0.6214182
0.6785566
0.58421516
0.80601615
0.65187556
0.69136477
0.6659252
0.6659109
0.562432
0.6329151
0.6243891
0.6855823
0.6516466
0.58985114
0.555772
0.6069201
0.62064886
0.5555667
0.61555296
0.64085466
0.63176215
0.65690976
0.67944044
0.7206588
0.60717446
0.7525907
0.6112524
0.75258666
0.60926753
0.7084827
0.63474977
0.5501478
0.5564399
0.5501489
0.6011582
0.7132047
0.67875606
0.6845262
0.59873664
0.61941
0.6143451
0.59788996
0.596365
0.60585546
0.61600995
0.5978882
0.5691128
0.80877525
0.6238389
0.808792
0.62890404
0.6525578
0.60722405
0.6299481
0.6031109
0.6004
0.62613326
0.727346
0.631987
0.62444335
0.6329987
0.6229994
0.60875046
0.6589899
0.5585115
0.65900034
0.62233406
0.62515503
0.5650683
0.6437337
0.5774681
0.5950753
0.5965965
0.577306
0.57671
0.5657315
0.63764125
0.7478052
0.59521896
0.59522176
0.6557779
0.60162437
0.5893705
0.56988305
0.6259147
0.73960114
0.5716298
0.5817171
0.5859093
0.62990034
0.584982
0.63208526
0.60394716
0.59697384
0.5694108
0.64548767
0.58162093
0.6916601
0.58721286
0.6007389
0.64187783
0.6900333
0.7206465
0.55734044
0.5542367
0.6868343
0.63188726
0.6862303
0.5934236
0.6274232
0.60213375
0.58509266
0.5647968
0.5846988
0.6093251
0.6250589
0.59459895
0.60377806
0.55836916
0.58227056
0.5501043
0.6113579
0.5806296
0.6293249
0.57860094
0.6416482
0.6652906
0.8305968
0.62986994
0.83060247
0.59195036
0.8000242
0.60905415
0.80002683
0.63858294
0.62905675
0.5456148
0.62905896
0.61285025
0.60972583
0.7341783
0.7310942
0.5967577
0.72676075
0.59248525
0.7074932
0.5777543
0.5743596
0.56850815
0.57435757
0.6168783
0.73309726
0.63255185
0.6938246
0.669475
0.6999797
0.62746537
0.5488494
0.58372164
0.583676
0.67120826
0.6784261
0.56928355
0.6223722
0.5576321
0.66519785
0.5793026
0.5776293
0.59240943
0.6792226
0.6378756
0.63464314
0.6322765
0.63589233
0.59441674
0.6624046
0.64935607
0.6209516
0.6238369
0.6624057
0.6254917
0.68776566
0.58848625
0.6690592
0.5636187
0.6838315
0.6552826
0.6375416
0.6307851
0.63248396
0.55425835
0.63248205
0.64337784
0.6081749
0.59742177
0.67372376
0.58209544
0.64400804
0.65845186
0.6188736
0.63285804
0.6308538
0.6909716
0.54765576
0.60955745
0.6440134
0.699281
0.6218325
0.62263584
0.62641525
0.61994815
0.663379
0.5898823
0.6359236
0.67286617
0.6633752
0.6040011
0.6736202
0.5960336
0.7602588
0.6082668
0.6712572
0.57830197
0.714219
0.57782036
0.63489455
0.60531604
0.6712534
0.58373797
0.72543275
0.6458859
0.7193489
0.652128
0.62358403
0.56840944
0.57556105
0.5620983
0.7008263
0.64916587
0.70716655
0.62156665
0.6012461
0.64141315
0.627549
0.6214357
0.6710518
0.6280082
0.6911638
0.5513943
0.6012488
0.5384155
0.65444297
0.63125676
0.6046831
0.6106872
0.6352863
0.6306996
0.7015537
0.590603
0.5828191
0.5781808
0.60515255
0.6065281
0.59284705
0.6511833
0.6115063
0.5961393
0.61226255
0.59966993
0.5512111
0.5764343
0.55120814
0.5846938
0.62632287
0.5953125
0.6822782
0.5748077
0.6625608
0.6015877
0.7009381
0.6252804
0.6931774
0.55141217
0.6690047
