0.41624406
0.36805066
0.41624206
0.3620051
0.4363202
0.38492075
0.44992688
0.3675614
0.42703712
0.4173093
0.4270352
0.3863775
0.4078288
0.4111359
0.40387273
0.4008803
0.4038701
0.3798213
0.4538928
0.36762002
0.43836147
0.3763136
0.42545477
0.41170055
0.44824147
0.34801772
0.44824392
0.39769536
0.42296094
0.38153088
0.42295992
0.39934912
0.4060807
0.40897208
0.3998331
0.39636093
0.38717264
0.38247266
0.5858504
0.41165352
0.4496375
0.39222637
0.44320887
0.3957181
0.4539234
0.41386664
0.45052186
0.4271174
0.45051977
0.39763582
0.44905856
0.3928704
0.4490598
0.37648547
0.4677441
0.38522273
0.4677442
0.3597257
0.48326993
0.36709338
0.41412234
0.3681457
0.41412365
0.38597602
0.44151506
0.37569466
0.40163383
0.3850673
0.4016323
0.39676443
0.36704782
0.40007815
0.4487889
0.37190133
0.3871732
0.39406973
0.396233
0.40385246
0.3736788
0.3706579
0.4233079
0.39653796
0.3857386
0.3750953
0.3823873
0.37691507
0.393648
0.40667027
0.38487774
0.39820927
0.56264937
0.36197636
0.5626493
0.36224103
0.38457164
0.3883342
0.42840588
0.43827334
0.38457167
0.4030588
0.37714452
0.40162408
0.39159796
0.3936406
0.4345748
0.41630405
0.3641189
0.40279612
0.416666
0.3917323
0.41545942
0.38803568
0.41618764
0.41549093
0.43403125
0.403687
0.41934574
0.35880238
0.37434202
0.38126725
0.37733364
0.38512334
0.41546038
0.4007853
0.3567793
0.37807953
0.41398358
0.38622853
0.3852878
0.3715077
0.38895485
0.3826032
0.36731556
0.4252384
0.36430004
0.41942507
0.40530702
0.36911407
0.38677412
0.37711808
0.43221986
0.402761
0.39193916
0.3884574
0.37929973
0.38421524
0.4102723
0.4152366
0.40269068
0.3948584
0.36074853
0.34570488
0.4035048
0.37042347
0.40549108
0.38000503
0.4170717
0.40165168
0.41577718
0.4017926
0.39277166
0.41752347
0.42637298
0.37721187
0.3836551
0.39980745
0.50111824
0.3618703
0.5011161
0.37544495
0.44077742
0.38451442
0.440777
0.41131434
0.42320445
0.3939281
0.44376072
0.42403522
0.41407552
0.37269935
0.3915093
0.36205423
0.4643664
0.38593602
0.39151007
0.40042746
0.46436572
0.4114836
0.394474
0.38530657
0.42898536
0.3997945
0.43578723
0.40403086
0.3783333
0.37240463
0.41956222
0.41614214
0.45219818
0.4221979
0.4345026
0.38885814
0.39421433
0.38469836
0.4954248
0.38765612
0.40017906
0.3728686
0.3942718
0.3810781
0.39427018
0.41084683
0.39815757
0.37596548
0.39815748
0.34444755
0.42910367
0.3947202
0.4291043
0.38159838
0.41639835
0.40421817
0.41639778
0.3662181
0.40678123
0.38066065
0.46431467
0.3904073
0.3875629
0.37543148
0.43302613
0.37124228
0.36662406
0.36504441
0.4296525
0.4183812
0.4374398
0.39993757
0.38756368
0.40052208
0.4424214
0.39173806
0.3868681
0.4069189
0.40628734
0.38803187
0.41696423
0.39162517
0.45633355
0.39179984
0.38744855
0.40321273
0.43717107
0.40061083
0.41234264
0.408556
0.4309808
0.40241542
0.4526489
0.41660345
0.41510642
0.40084484
0.41811427
0.41917697
0.45337862
0.36534515
0.41771668
0.3697393
0.41180995
0.39010888
0.426675
0.36612016
0.40097827
0.37224296
0.4223906
0.39187187
0.42407876
0.39964733
0.42407838
0.39361885
0.40628433
0.37124032
0.42964476
0.39213923
0.44625536
0.39054427
0.4191433
0.39293185
0.4659869
0.39926776
0.43768477
0.3899224
0.4406536
0.42922163
0.4562216
0.3978001
0.44357893
0.38584435
0.41117424
0.3848982
0.40898967
0.40845588
0.43197605
0.38961026
0.39016035
0.3986857
0.419707
0.3714182
0.39307913
0.3819919
0.4414808
0.39132226
0.4174368
0.37779
0.40674138
0.38062382
0.38650066
0.38259158
0.4035916
0.41658744
0.45442355
0.36895484
0.4473116
0.3831814
0.40449843
0.38602895
0.3725726
0.37435266
0.43519527
0.40918362
0.3700093
0.39381585
0.40750495
0.3581297
0.40674224
0.3739565
0.43631402
0.39629298
0.39741188
0.3760886
0.3965936
0.37786168
0.454439
0.41617268
0.39460137
0.3735789
0.3800695
0.34754896
0.4173936
0.37308657
0.415435
0.37903875
0.37334412
0.36358833
0.4123928
0.37135857
0.36612356
0.3976699
0.35760215
0.4094744
0.41181374
0.36684075
0.4032382
0.3801208
0.38027263
0.3707114
0.3874814
0.38426888
0.38007033
0.3838328
0.36904043
0.37696227
0.37768242
0.41917637
0.3636625
0.37306798
0.4167669
0.35868788
0.3858605
0.38261592
0.39796126
0.4008689
0.45038012
0.40069318
0.45038068
0.41500404
0.385862
0.40401527
0.49147975
0.40359068
0.47608477
0.39017206
0.49148235
0.39006114
0.43248007
0.38261607
0.43247783
0.40677443
0.409
0.36995733
0.40900135
0.41199097
0.38500044
0.38763416
0.38500252
0.41539255
0.41419488
0.38051787
0.41813457
0.38622937
0.42921993
0.38536415
0.4651012
0.36020455
0.3908874
0.39967114
0.38116267
0.43071443
0.3779269
0.35547557
0.3779265
0.36577883
0.4492668
0.38135007
0.39934674
0.40558785
0.39987049
0.42864156
0.37607357
0.36156616
0.3977878
0.3609129
0.4398261
0.36680076
0.39093566
0.4002443
0.39986837
0.39345598
0.38862115
0.37007925
0.3783477
0.36137208
0.38871637
0.39169544
0.388716
0.37016493
0.4229082
0.3880524
0.40388697
0.36049458
0.40587437
0.3700944
0.41756922
0.3995533
0.41216978
0.37526867
0.40971357
0.385969
0.42291018
0.3914142
0.4049908
0.39944932
0.41436163
0.38727725
0.390039
0.367675
0.41379362
0.3998523
0.4382915
0.388858
0.406954
0.34925017
0.40556565
0.37997928
0.42293474
0.42553833
0.40144324
0.42247042
0.37041265
0.34265497
0.36477348
0.42462665
0.41379362
0.37064192
0.4193315
0.385273
0.4193306
0.3908341
0.45192507
0.4163646
0.44357067
0.40147483
0.4581274
0.41083372
0.41325822
0.3981934
0.41135278
0.3906122
0.42150402
0.39020842
0.4084549
0.40299878
0.40208972
0.35867402
0.40029472
0.4008983
0.42202953
0.41387448
0.41611108
0.36298943
0.41983402
0.39163178
0.4134592
0.42368993
0.3959157
0.42122218
0.38230145
0.38765073
0.38230145
0.39421222
0.40360802
0.38557404
0.45872396
0.40869346
0.43245447
0.38280043
0.43063137
0.38019565
0.39458615
0.39738858
0.39595255
0.4076164
0.41751784
0.39637983
0.44803047
0.43058452
0.40653592
0.37046972
0.40653306
0.37133154
0.44041768
0.40527087
0.44041863
0.40332505
0.428339
0.42407033
0.42448518
0.37399855
0.41146195
0.38326305
0.40741554
0.3900276
0.4190451
0.4062881
0.46246672
0.3718967
0.47522154
0.39539823
0.46247017
0.41081068
0.42987895
0.38726205
0.42987806
0.3881189
0.39443538
0.38753662
0.41696107
0.38039723
0.42543373
0.37400576
0.36910632
0.3981802
0.39554688
0.40503693
0.40419582
0.3807392
0.39277348
0.3710577
0.39132172
0.3479752
0.38805342
0.37598833
0.39988545
0.3693564
0.40892103
0.38528463
0.37513062
0.41491973
0.39342633
0.37951455
0.3751313
0.3972538
0.42781654
0.36652002
0.4123556
0.3906242
0.39494714
0.38974625
0.4189032
0.37450936
0.39512715
0.37661466
0.38365334
0.3598753
0.42278862
0.3825789
0.4103443
0.40229914
0.3788011
0.4193755
0.41367894
0.38478068
0.40197888
0.39192685
0.39489517
0.39064404
0.43089843
0.4133338
0.3961518
0.3592719
0.41853675
0.40142676
0.37613994
0.39130598
0.4112673
0.39907464
0.41908875
0.3699114
0.4638865
0.39060396
0.4057715
0.41221797
0.41246575
0.35126957
0.3962822
0.4075556
0.39383864
0.39967814
0.39383945
0.39886132
0.45142525
0.41357052
0.45142546
0.3978743
0.39370483
0.36157158
0.3940396
0.3779366
0.3940413
0.38180187
0.44770798
0.3908689
0.4445479
0.4035312
0.38799056
0.3788707
0.418193
0.36580896
0.39097786
0.40643385
0.4838823
0.38332993
0.41582546
0.38890606
0.40301564
0.39841768
0.40751448
0.3850157
0.4384166
0.4110951
0.39802366
0.37017912
0.40988883
0.3995709
0.39232102
0.38967374
0.45713478
0.3591302
0.40316248
0.4281348
0.3941162
0.4124229
0.4005415
0.39518794
0.40976238
0.4215243
0.40976086
0.38545647
0.37320527
0.3682946
0.38834098
0.3660785
0.3638181
0.3451059
0.40237477
0.3744673
0.37322992
0.37636918
0.39082435
0.35631543
0.395736
0.3583208
0.41534433
0.35176605
0.38274696
0.35828412
0.36542925
0.3494363
0.48693672
0.3875656
0.4483096
0.3598716
0.4215769
0.39245427
0.3839868
0.39887336
0.4231574
0.36786422
0.48693657
0.36817074
0.43756512
0.38512033
0.45326433
0.37189025
0.41564316
0.36939302
0.39421934
0.40473536
0.40642813
0.38773853
0.39721322
0.3849793
0.40347356
0.37034935
0.3847707
0.3657568
0.42151394
0.4160241
0.4245369
0.4081721
0.46223044
0.3951314
0.4506666
0.36908746
0.45066538
0.40634015
0.4806722
0.41050076
0.4096265
0.3845102
0.43980342
0.3720484
0.45691255
0.38622275
0.48067427
0.39726335
0.39812052
0.3653671
0.359348
0.36463767
0.41957906
0.40085056
0.41957885
0.3836791
0.5200674
0.3697464
0.5200707
0.4060386
0.4125116
0.40503982
0.3974771
0.39037183
0.39463386
0.41266233
0.4011245
0.39939088
0.39747694
0.394739
0.4117367
0.38686553
0.41030052
0.35966766
0.41030288
0.37477338
0.40449265
0.36616957
0.3729871
0.39824837
0.38119748
0.38780254
0.3956632
0.3769152
0.43834305
0.39551675
0.3860828
0.3944726
0.40520644
0.3898085
0.3852186
0.35702857
0.4300379
0.38128963
0.39193213
0.39043134
0.36222404
0.37196618
0.3622223
0.36091754
0.3927918
0.37719592
0.41067803
0.39908853
0.40244466
0.3769788
0.38297424
0.40345109
0.44079027
0.38317996
0.3993673
0.3898499
0.46879753
0.38620195
0.42448002
0.37197337
0.3874406
0.37292567
0.39540604
0.365177
0.4197249
0.383213
0.37696144
0.37152666
0.36891156
0.4027884
0.39887577
0.37549716
0.41914868
0.37202734
0.37256917
0.35985422
0.38468993
0.39960718
0.3963559
0.4003067
0.47790405
0.36827302
0.47790554
0.3982709
0.4682674
0.3952633
0.46826825
0.38618457
0.40436435
0.40685067
0.404365
0.40381986
0.402024
0.37898517
0.50008136
0.39641857
0.45904025
0.35641727
0.45904216
0.41625026
0.39990047
0.3739404
0.39989966
0.3768719
0.4125537
0.38543066
0.44235304
0.40469083
0.4125519
0.3766746
0.39147136
0.40346152
0.39650354
0.3773272
0.39147076
0.39607942
0.3955159
0.40075842
0.43028513
0.3972869
0.37420696
0.42177877
0.4237034
0.41759765
0.3881413
0.39130417
0.38219044
0.36127472
0.40622556
0.40228286
0.39790708
0.40907747
0.42400396
0.39468575
0.43750367
0.41662806
0.39790606
0.38271242
0.40842927
0.3950095
0.43976688
0.37385613
0.4060521
0.36155045
0.4060526
0.3674299
0.42056003
0.38130856
0.4595298
0.4277027
0.41498885
0.4097905
0.41498673
0.38821277
0.3809054
0.36919904
0.367279
0.37983984
0.38754225
0.38941732
0.40889558
0.3742336
0.37709355
0.37880147
0.4098118
0.36344025
0.40805128
0.4096698
0.43321595
0.38209683
0.43066984
0.3894236
0.42476308
0.38552424
0.41266775
0.37986213
0.4563835
0.39533728
0.43993008
0.41344807
0.4126705
0.37265787
0.38868177
0.41436544
0.38868082
0.38371196
0.39026275
0.39425972
0.38856202
0.38955575
0.38431057
0.3833834
0.41090044
0.37732452
0.40806165
0.39599586
0.36762506
0.398012
0.37762314
0.39408624
0.37474927
0.39738432
0.4001531
0.4308957
0.42093232
0.4217262
0.38085526
0.3630391
0.42088565
0.39450946
0.40852594
0.39731747
0.37597927
0.3725982
0.3773898
0.377028
0.4002416
0.37495187
0.40401453
0.40512007
0.40024212
0.39222786
0.36165258
0.3980918
0.3616525
0.36630714
0.36057347
0.39890638
0.436506
0.39846095
0.44052243
0.36821824
0.42939076
0.41259542
0.4293879
0.3610983
0.4128823
