0.41997448
0.3816696
0.41997194
0.36430335
0.45804164
0.3844993
0.4722586
0.37947047
0.45616162
0.42270246
0.45616093
0.4070405
0.40710673
0.4011012
0.41827893
0.40257835
0.41827706
0.3881776
0.45107713
0.37821195
0.4435862
0.39874437
0.43653333
0.4205371
0.46481815
0.37039366
0.4648191
0.40136185
0.43025663
0.4014883
0.43025395
0.40113297
0.40683925
0.40974116
0.41581094
0.39959577
0.39635906
0.39796877
0.5931875
0.42939612
0.46149945
0.39732134
0.45313558
0.40960085
0.45047262
0.410398
0.45976242
0.43144524
0.45976034
0.4046612
0.47286233
0.39397666
0.47286543
0.3818154
0.4813057
0.39056936
0.48130533
0.36906517
0.49529698
0.3732963
0.41631666
0.36363864
0.41631773
0.38871667
0.45034537
0.3895736
0.40440634
0.39289477
0.40440485
0.40351725
0.37634715
0.4034635
0.4550438
0.37008977
0.3913064
0.40209308
0.3970462
0.4037553
0.37698767
0.3830367
0.43243146
0.39836693
0.38515976
0.3873122
0.38639534
0.38465723
0.40632322
0.40843222
0.39252785
0.4120783
0.588792
0.35810152
0.5887923
0.36546254
0.3860607
0.3973827
0.44217193
0.42788804
0.38606218
0.40307394
0.37892267
0.415112
0.41836438
0.4022479
0.43959966
0.430359
0.37916255
0.40161166
0.4141334
0.39977297
0.42860997
0.40371248
0.4250115
0.42760316
0.44075933
0.40086427
0.4340507
0.37605396
0.38309273
0.3786967
0.39423835
0.408662
0.42861107
0.4064138
0.37034523
0.386651
0.42920908
0.39525405
0.40608546
0.37799248
0.40290043
0.39706334
0.38696715
0.4332622
0.38101116
0.43109187
0.4091986
0.36840472
0.39648142
0.37520444
0.44294485
0.41126475
0.39516667
0.39972392
0.38937715
0.39138946
0.41425517
0.4169062
0.41183093
0.4028666
0.3772237
0.36269093
0.40801656
0.37679097
0.41256192
0.38605902
0.4210262
0.40779018
0.42234755
0.40516606
0.41012618
0.41662452
0.42916432
0.3746319
0.3931562
0.404255
0.5082459
0.38656852
0.5082436
0.38071442
0.44638696
0.38528642
0.44638777
0.41829166
0.42815647
0.39468357
0.44708288
0.4268582
0.41568246
0.37293103
0.41254362
0.38526154
0.4686965
0.37602308
0.41254473
0.41236532
0.4686959
0.41883674
0.40388104
0.39487696
0.44085482
0.4192504
0.43122926
0.40952906
0.38232645
0.39015886
0.43722343
0.4041146
0.46091315
0.43433115
0.44960818
0.40658426
0.4078029
0.39233515
0.5113104
0.39084432
0.41680026
0.3797058
0.39696625
0.39602986
0.3969643
0.41754732
0.4094654
0.38282534
0.40946627
0.34460437
0.45141128
0.40808275
0.4514109
0.388617
0.42721093
0.40137506
0.4272101
0.38123572
0.42457834
0.39289537
0.4600931
0.41529128
0.38653198
0.37260342
0.42677304
0.3747338
0.3686761
0.36785245
0.42860973
0.42490157
0.4579985
0.39129296
0.38653383
0.41646
0.45452118
0.38533667
0.38674608
0.40753686
0.41112173
0.38411608
0.4466039
0.39740714
0.46159807
0.3911852
0.39611077
0.411554
0.4402071
0.4098258
0.43264756
0.4120309
0.4398776
0.41639984
0.47140262
0.4339764
0.43165573
0.40595624
0.42089298
0.42265448
0.4686327
0.37355733
0.42507455
0.37224755
0.42263559
0.40074554
0.44310424
0.37154004
0.42101476
0.39981356
0.44384527
0.41639146
0.4272368
0.40028524
0.42723814
0.3925008
0.41585562
0.37480894
0.4493339
0.40582052
0.45072964
0.38980675
0.43229723
0.39610052
0.4773257
0.40397108
0.45013067
0.38741398
0.45573783
0.43537712
0.4571024
0.4100784
0.45750508
0.40387583
0.41090122
0.39019194
0.42333674
0.417358
0.44115373
0.40752283
0.39674413
0.3926017
0.43253842
0.38162318
0.4115008
0.3864646
0.44269565
0.3973825
0.43270257
0.38529328
0.42424217
0.39322338
0.39794365
0.39582837
0.41227913
0.42709056
0.46687767
0.37993714
0.4498006
0.39136767
0.42328152
0.39914858
0.38297367
0.3675739
0.44722912
0.41634908
0.37856796
0.3948587
0.43138173
0.37328222
0.42424297
0.38123074
0.4342641
0.3963188
0.40684184
0.37630746
0.40034866
0.38264003
0.46131063
0.41576132
0.41254863
0.382947
0.39737186
0.35898504
0.42717016
0.38773367
0.4266378
0.38937283
0.38493648
0.38306296
0.4259473
0.38858023
0.3694692
0.39912012
0.36838564
0.41153526
0.4254335
0.3758463
0.41908777
0.38795614
0.39170864
0.382476
0.3996214
0.40354538
0.39737323
0.40042067
0.37828314
0.381555
0.38872924
0.413236
0.37100056
0.3884058
0.4307101
0.3620287
0.39521614
0.39551023
0.4158446
0.4115641
0.45884588
0.41244134
0.45884737
0.4208511
0.39521697
0.4101807
0.49428868
0.40578046
0.46960247
0.40316868
0.49429092
0.3845345
0.43543324
0.38658273
0.43543115
0.411796
0.43209887
0.37366498
0.43210098
0.42008603
0.4005648
0.39370266
0.40056786
0.42044905
0.41349888
0.38878596
0.42167592
0.38738978
0.44385
0.40601125
0.483608
0.3581667
0.39903775
0.40483937
0.37857416
0.42842126
0.39445433
0.36748257
0.3944539
0.37682757
0.46114656
0.38898095
0.39898506
0.42016914
0.40759853
0.42251804
0.38440242
0.3692757
0.4110738
0.3777213
0.45470616
0.3681711
0.40436387
0.411268
0.40759608
0.41105437
0.38982022
0.36134782
0.3764805
0.36837754
0.39833102
0.40471247
0.39833084
0.36875403
0.4210355
0.3945898
0.4180152
0.37096336
0.41951934
0.37250912
0.4306614
0.40784392
0.41611895
0.3772476
0.42738345
0.40013266
0.4210362
0.39403686
0.42131817
0.4085875
0.42040637
0.4021001
0.39113852
0.36763743
0.41575536
0.3984039
0.43469727
0.3906382
0.417732
0.36123216
0.42051494
0.3813362
0.41983673
0.4206808
0.40168464
0.42414853
0.3810339
0.34710005
0.37254298
0.43026683
0.41575623
0.3670291
0.420681
0.3991762
0.4206809
0.3872784
0.4561696
0.42672524
0.44417977
0.39614758
0.44080254
0.40193334
0.42424443
0.4061612
0.422156
0.39791274
0.42554006
0.3952426
0.4131483
0.40215287
0.41339302
0.37826607
0.40400586
0.39165068
0.42903706
0.41895136
0.43392578
0.37700856
0.4382842
0.40130505
0.42066756
0.41973424
0.39577425
0.42947507
0.38854387
0.40190122
0.38854375
0.39330754
0.4125186
0.38961664
0.4613315
0.4094766
0.4386767
0.39380798
0.44203183
0.38505027
0.40249768
0.3941779
0.41525468
0.42717466
0.42188922
0.3992149
0.4506283
0.43639597
0.42446604
0.37007073
0.42446306
0.38054642
0.44526854
0.41187468
0.4452695
0.40838143
0.42965755
0.43677542
0.41892734
0.36557707
0.41392493
0.38833067
0.40199307
0.40571555
0.43031207
0.40672383
0.48095056
0.3775446
0.47803465
0.40076616
0.4809518
0.41697833
0.43963692
0.3867909
0.4396361
0.39081886
0.40171054
0.3868412
0.43681192
0.39359865
0.41739878
0.37352464
0.38432136
0.40872955
0.40663543
0.3992915
0.41065824
0.38683495
0.40221348
0.38892114
0.40713677
0.35013446
0.3859128
0.38668692
0.40214732
0.3777232
0.41398296
0.39565134
0.37321696
0.41613576
0.37960768
0.38304535
0.37321734
0.3990841
0.42906547
0.37044764
0.41555262
0.3915515
0.39452028
0.39126
0.415898
0.37812737
0.4140346
0.39374653
0.3838099
0.35674092
0.42984644
0.3869877
0.43167734
0.4149792
0.39269137
0.42638695
0.40798196
0.38399383
0.40775064
0.3954734
0.39284992
0.39197227
0.4316829
0.4209957
0.39381847
0.36257538
0.41918445
0.4014521
0.38658723
0.3973937
0.42377356
0.3979089
0.43251944
0.38175943
0.476132
0.40644106
0.411899
0.41896424
0.41750455
0.3682034
0.40440896
0.4166609
0.41149187
0.40111125
0.41149232
0.40983343
0.46030274
0.4246106
0.46030292
0.39147663
0.39054355
0.36404493
0.39561737
0.3862138
0.39561948
0.38945785
0.4643806
0.40073895
0.45720327
0.3995415
0.40494916
0.3860697
0.44046998
0.36608768
0.39943513
0.41627935
0.50390345
0.38213977
0.42162248
0.3875027
0.40730396
0.39903247
0.42496273
0.401214
0.45561317
0.40846863
0.41266012
0.37475026
0.4150915
0.40175465
0.3950499
0.40365553
0.4625177
0.3786465
0.41730198
0.44232523
0.39558864
0.417753
0.40709472
0.40546283
0.39702487
0.42691645
0.3970224
0.3819747
0.38276276
0.37961015
0.40164998
0.37261948
0.36759746
0.35508433
0.4019415
0.37521544
0.37691942
0.37902597
0.40099868
0.36881146
0.39468217
0.36079407
0.42078033
0.36155215
0.39486542
0.36768427
0.3838439
0.35948086
0.5054898
0.4016012
0.46049857
0.36778626
0.43438807
0.40829334
0.38848218
0.40959302
0.44177
0.3769381
0.50549
0.3830353
0.45271483
0.39954272
0.47147062
0.38881192
0.4369452
0.370162
0.39294204
0.4015359
0.4094671
0.39798853
0.39923504
0.38922682
0.40202472
0.37827286
0.39401683
0.37349296
0.42679003
0.43124458
0.4316816
0.41269898
0.46905446
0.40858158
0.457316
0.36905742
0.4573152
0.4012752
0.48975
0.43160656
0.41660511
0.39647135
0.45272526
0.3811535
0.452503
0.38621387
0.48974988
0.41511407
0.4010036
0.37243804
0.37268123
0.36974096
0.44417128
0.41614828
0.44417122
0.38801125
0.5227935
0.37621307
0.52279633
0.4133369
0.40391216
0.408651
0.40900698
0.41778132
0.3998864
0.4107575
0.41193652
0.4024681
0.4090065
0.41400215
0.41394803
0.40029564
0.42027327
0.36705193
0.42027625
0.38892508
0.41223994
0.37433085
0.38326263
0.40048912
0.39092597
0.40832376
0.4065402
0.3909397
0.44548568
0.3957595
0.38755426
0.39865935
0.41066042
0.39823088
0.39738712
0.3654673
0.42713824
0.39160562
0.4020332
0.40559754
0.3573698
0.36763024
0.35736775
0.35946226
0.39705977
0.37653664
0.41430834
0.40373263
0.4105096
0.38847947
0.3847022
0.40946904
0.43805408
0.38976553
0.40066937
0.39024663
0.47804627
0.4052883
0.42501518
0.38110447
0.3955773
0.3855568
0.41608337
0.38471827
0.4165567
0.38663188
0.39335284
0.37598133
0.3882158
0.40707874
0.40697202
0.38282096
0.4278735
0.3835121
0.38708213
0.3713874
0.39902616
0.40288803
0.41440335
0.40385422
0.5099161
0.3824103
0.5099182
0.40631306
0.47841167
0.40466797
0.47841284
0.40610096
0.41405877
0.4093368
0.41405892
0.42130813
0.40253103
0.3795693
0.5134525
0.4024923
0.47533405
0.37647867
0.47533664
0.41880193
0.39934483
0.37938765
0.39934373
0.38286948
0.42454746
0.3992661
0.45062718
0.4084998
0.42454562
0.37128225
0.40861765
0.42010495
0.41598007
0.38743874
0.40861678
0.4096032
0.4007906
0.39360642
0.42784157
0.39703116
0.3869648
0.44299102
0.4232068
0.42708865
0.40210655
0.40309158
0.3893741
0.36300644
0.40369916
0.41757882
0.409899
0.41249362
0.43067035
0.39131793
0.45159987
0.43305805
0.40989885
0.3983449
0.42090288
0.41519606
0.4520798
0.3753264
0.42161688
0.373162
0.42161706
0.37756738
0.423201
0.39365232
0.47032285
0.42986584
0.42080507
0.4258435
0.42080262
0.39563224
0.4063672
0.38866735
0.387143
0.39974472
0.40149882
0.3975217
0.41129613
0.38580334
0.3950387
0.3801926
0.41427588
0.36681744
0.4212514
0.40814388
0.4455022
0.39163804
0.45566833
0.39633343
0.43248573
0.38009247
0.41412306
0.3884019
0.46737614
0.40299758
0.4487852
0.42326108
0.41412643
0.38638237
0.4024658
0.41027308
0.4024645
0.39507976
0.4103354
0.4063343
0.38956746
0.3866289
0.37980235
0.37010798
0.4115139
0.3761741
0.41945967
0.3973128
0.373883
0.41045249
0.38094172
0.4076148
0.37603378
0.38911846
0.41152492
0.43468568
0.42444214
0.43403825
0.38755572
0.36487317
0.4255625
0.41215846
0.41853368
0.40271413
0.38610795
0.37735665
0.3872943
0.38811314
0.41629112
0.38635364
0.4196539
0.4113842
0.41629076
0.39659023
0.36983398
0.40781966
0.36983347
0.38797116
0.37531805
0.41150364
0.43639302
0.4060361
0.44167006
0.3822434
0.43633994
0.4121513
0.43633714
0.3739848
0.42298022
