0.42039454
0.40131932
0.2968936
0.30612838
0.41811252
0.40109208
0.3339781
0.32812786
0.38345256
0.42533112
0.31832218
0.31076545
0.4256152
0.3815655
0.35068533
0.3314708
0.42974746
0.38692164
0.33543494
0.33353347
0.40816426
0.3835762
0.33337635
0.34001142
0.41619846
0.39627078
0.3142511
0.3703616
0.4148296
0.33813986
0.34646863
0.37605447
0.4118732
0.31689644
0.3065187
0.40616027
0.41861153
0.3432647
0.35150054
0.41077617
0.40381846
0.32526997
0.32142612
0.43103126
0.43039903
0.37904462
0.31371447
0.40202776
0.4667875
0.33137375
0.35733974
0.406026
0.42255187
0.32559463
0.32506645
0.4064675
0.4624051
0.32364437
0.44073218
0.5029985
0.38511392
0.33616573
0.41034648
0.41955042
0.3371314
0.37944797
0.39928123
0.3385246
0.3164588
0.42641604
0.50210094
0.3238857
0.35592178
0.39875603
0.38460705
0.3102669
0.3171394
0.56988025
0.5063287
0.33953145
0.33984
0.4065276
0.39618742
0.32071093
0.32752544
0.42992505
0.42376694
0.3225549
0.35152167
0.4195007
0.3747695
0.31686994
0.32430306
0.39298156
0.39411965
0.32149187
0.3258396
0.38551587
0.41950095
0.31399703
0.32322314
0.37807143
0.44224772
0.34391278
0.3174378
0.45708412
0.40615875
0.31921464
0.32566467
0.37865803
0.3827714
0.3226995
0.3353489
0.39160323
0.43673566
0.29525262
0.33094278
0.41561893
0.4381672
0.33779788
0.3389479
0.4999046
0.40978986
0.33171946
0.36266842
0.389973
0.41777173
0.31263623
0.31822094
0.42022893
0.46269506
0.3123416
0.32628065
0.42743227
0.4375253
0.34350225
0.32849973
0.38309696
0.428796
0.33234864
0.33676195
0.38390112
0.3712266
0.35322562
0.31944376
0.38234928
0.39776474
0.31130278
0.31926477
0.46060377
0.4188405
0.3459811
0.33336315
0.364981
0.36060458
0.32255965
0.34516305
0.37687692
0.3857398
0.4060279
0.3293936
0.36060393
0.40289465
0.32086015
0.39081144
0.3975979
0.3423987
0.35292903
0.39912632
0.36194742
0.34957877
0.31480646
0.37254038
0.38034838
0.36113983
0.31764123
0.40310776
0.39843392
0.3579807
0.34891754
0.4314012
0.38588843
0.37660035
0.35821486
0.3818175
0.39768568
0.36006987
0.35982063
0.46422115
0.40745795
0.31979156
0.3235856
0.48075184
0.42406988
0.31588382
0.36231792
0.40905496
0.4239739
0.30085373
0.34519044
0.3897148
0.413901
0.3307543
0.38833863
0.42183623
0.3416937
0.31235707
0.38801557
0.48349246
0.30772594
0.31624866
0.42126682
0.40647018
0.37394863
0.3119116
0.36674556
0.4343585
0.29671893
0.31362242
0.35624978
0.44510344
0.33957624
0.35971975
0.38618618
0.39956924
0.32201797
0.35859215
0.39152917
0.41549307
0.33980697
0.32770923
0.410986
0.43058774
0.3034862
0.32020798
0.39511037
0.4190296
0.34641397
0.33320236
0.47861895
0.4756527
0.3255448
0.36012197
0.39354792
0.42394817
0.31226957
0.40903047
0.4159556
0.37317166
0.3265238
0.4281964
0.42154494
0.35877815
0.3295394
0.4404983
0.4066494
0.36232054
0.31437263
0.39787304
0.35340565
0.3312556
0.35596123
0.3916495
0.3703374
0.30756396
0.40727854
0.37067625
0.3318352
0.32627156
0.45544904
0.38854945
0.3373184
0.35432866
0.42160425
0.4006747
0.31058422
0.31256706
0.39492327
0.3836229
0.35737804
0.36403757
0.44793895
0.45823273
0.32403007
0.33590108
0.43160182
0.43235487
0.34968373
0.33086708
0.43955413
0.3874605
0.29789987
0.35379058
0.42808223
0.40038994
0.3519332
0.34020513
0.40932262
0.39661384
0.36261946
0.34012347
0.3996448
0.39459604
0.3040194
0.39567536
0.34220868
0.4314144
0.4320319
0.2982426
0.33498502
0.4154184
0.45956928
0.29865324
0.31259146
0.42006177
0.39748278
0.30488035
0.2920489
0.41969144
0.5516082
0.32387358
0.3130977
0.48729965
0.3857605
0.31869328
0.32875347
0.4263025
0.43014175
0.3717342
0.30964023
0.48764944
0.53233814
0.31550425
0.41538185
0.4249667
0.36439836
0.32351208
0.41410884
0.48168823
0.32638568
0.3277521
0.4563422
0.3942402
0.34218627
0.3472339
0.4567429
0.40410325
0.33844978
0.3196007
0.3954994
0.42716852
0.38564798
0.331963
0.40891877
0.48529357
0.3018856
0.33948946
0.38305867
0.4634119
0.35748577
0.31440032
0.40854758
0.36797422
0.29786912
0.32848352
0.45484555
0.43247372
0.30580986
0.34374705
0.45070398
0.44809246
0.297188
0.34361413
0.43517566
0.38441193
0.34343338
0.36824468
0.4231017
0.39317986
0.35655832
0.30597037
0.45062777
0.46265423
0.34332034
0.3849284
0.45630118
0.38020864
0.3022726
0.3553264
0.48669344
0.42970666
0.38114607
0.3358503
0.44284752
0.49308857
0.31262004
0.33894253
0.4694838
0.41194633
0.30829692
0.3271036
0.44154096
0.47262123
0.3861295
0.3315586
0.40708676
0.44421342
0.31619126
0.3215344
0.44127437
0.44778916
0.37258425
0.3001815
0.5028446
0.42245513
0.34757838
0.34701565
0.4205393
0.44509238
0.31091526
0.31413466
0.47762325
0.37980863
0.31193987
0.38501036
0.4308325
0.34471706
0.32411686
0.38505536
0.4528769
0.34891316
0.3904092
0.39249083
0.3600695
0.33980635
0.4828545
0.43698323
0.36646295
0.3587242
0.42267552
0.42678672
0.3049776
0.31825173
0.4103004
0.45600456
0.3337006
0.31453902
0.4574823
0.41729742
0.35854557
0.32732567
0.43095225
0.39949736
0.29077837
0.43551648
0.417348
0.35029578
0.3138327
0.4610232
0.45225233
0.33991227
0.33075097
0.4057262
0.42651725
0.3783064
0.33291134
0.39956987
0.4372418
0.37006578
0.34892145
0.4164887
0.41933307
0.30441707
0.467309
0.43647802
0.32004818
0.315507
0.43968704
0.40796667
0.32143712
0.31776366
0.37978056
0.38910446
0.3227773
0.3495041
0.4786049
0.44327626
0.3379563
0.36876997
0.4463345
0.4413324
0.32802194
0.35374188
0.39050063
0.45374805
0.374462
0.31802252
0.38197201
0.44017756
0.29923242
0.36912066
0.44114497
0.3778915
0.31432545
0.36644375
0.3855681
0.35174498
0.33426595
0.39712477
0.39313576
0.32962584
0.34112197
0.36979908
0.3857337
0.31236306
0.34110203
0.387846
0.39299408
0.3297998
0.3285014
0.39299345
0.31065765
0.38087618
0.36644444
0.36508787
0.33581045
0.40976158
0.36628705
0.34924483
0.33281168
0.39492455
0.40976357
0.36114442
0.3105741
0.4006961
0.38665557
0.31831077
0.3536179
0.4187798
0.4028728
0.30709085
0.36254805
0.4224197
0.41354907
0.31556454
0.30847842
0.4259639
0.40299296
0.2980852
0.34136027
0.41477424
0.40313852
0.34720302
0.41858536
0.45267913
0.32141247
0.3135285
0.40614828
0.41580498
0.369739
0.3125217
0.39670357
0.3975993
0.31001723
0.35404804
0.3802091
0.38149917
0.3547033
0.34309885
0.3418766
0.37924752
0.32400233
0.3268129
0.37612566
0.39875397
0.36390388
0.3440573
0.37120238
0.36756995
0.34055915
0.35708353
0.36757073
0.3582481
0.36986655
0.38438156
0.38582888
0.37979585
0.33192223
0.4084651
0.38114452
0.3514219
0.33636445
0.36992198
0.35798332
0.34909263
0.3342011
0.39726138
0.40057874
0.33871984
0.33396575
0.3980344
0.41340005
0.31112242
0.33702502
0.4067559
0.39803517
0.34012473
0.35347155
0.45919976
0.4893451
0.30918267
0.44970903
0.43642986
0.30582315
0.32622883
0.42448276
0.5061777
0.3084961
0.33811122
0.4258328
0.4926528
0.3416962
0.36685482
0.4037394
0.4592015
0.36735973
0.34932157
0.42895404
0.4213603
0.38492763
0.31685838
0.4213604
0.44970962
0.31196144
0.31222433
0.43414506
0.4258336
0.3373981
0.35809517
0.47049934
0.4661527
0.39089137
0.31935623
0.45175618
0.5200068
0.33730668
0.2997613
0.478265
0.46119198
0.32692415
0.32472205
0.45824307
0.48128352
0.29513824
0.29568964
0.37022793
0.33408812
0.3281814
0.39022982
0.35093582
0.37057412
0.36793005
0.3445655
0.37022755
0.38741058
0.3254732
0.360299
0.44598877
0.39519835
0.32515326
0.4082921
0.40867755
0.3200719
0.3208011
0.40579194
0.40819922
0.34793296
0.31211
0.4174809
0.41310558
0.3113974
0.36246017
0.4213164
0.48450583
0.34437734
0.36359736
0.4845055
0.46331248
0.33794722
0.32644078
0.40528497
0.38881868
0.33669493
0.34453186
0.4206814
0.41570288
0.33374932
0.31917146
0.39318433
0.42072546
0.32439554
0.3816478
0.38881785
0.4189912
0.33329698
0.33036402
0.39405617
0.44798496
0.33315307
0.34062907
0.4858067
0.4695498
0.32586336
0.33441004
0.34919703
0.3655652
0.41417903
0.34133616
0.31498048
0.306003
0.41754484
0.30045965
0.32541648
0.40625164
0.41613883
0.3013869
0.34540892
0.43403274
0.334044
0.34898204
0.33597922
0.41185498
0.44742846
0.30483273
0.31158733
0.44570705
0.46131155
0.3266071
0.351814
0.39495465
0.40972716
0.35064253
0.3468965
0.37750825
0.47545606
0.31681204
0.3207277
0.4901506
0.39890423
0.3333926
0.32498777
0.480958
0.39832938
0.4166438
0.39188522
0.40391397
0.40439838
0.3522862
0.33350408
0.39675778
0.37750867
0.31122363
0.29835212
0.3915953
0.400879
0.31845888
0.3290474
0.41021243
0.40391338
0.3282193
0.3235143
0.42005402
0.4357996
0.34870872
0.33349368
0.40781564
0.48088488
0.3434364
0.3507418
0.48867124
0.5011052
0.36330363
0.445197
0.47855076
0.33591512
0.3324345
0.41368017
0.40131825
0.33732438
0.31076622
0.4785513
0.41806057
0.3408926
0.4013197
0.46842822
0.34460738
0.38625386
0.42109272
0.40047166
0.37010992
0.33477288
0.40371498
0.3941332
0.3321083
0.3314777
0.47072518
0.45914054
0.3479001
0.35549638
0.50264573
0.47108814
0.338472
0.368519
0.47502568
0.41619012
0.40374383
0.31455317
0.46358246
0.45926523
0.31930956
0.35207814
0.51376647
0.4727554
0.3649951
0.49774122
0.4374023
0.34974912
0.31698397
0.43205246
0.41528
0.31205893
0.3264954
0.4587462
0.45018739
0.37821108
0.31705
0.4996457
0.44388142
0.3054339
0.38007018
0.47663283
0.4461874
0.34503222
0.29771107
0.42880622
0.4268771
0.3623968
0.32071003
0.43357766
0.4930913
0.30587596
0.32156956
0.47065383
0.45173466
0.36575797
0.3910748
0.45405373
0.42277566
0.35168657
0.30422512
0.41881716
0.4822854
0.35338214
0.33324173
0.53540975
0.49368486
0.33691105
0.36742556
0.40903267
0.43332273
0.3485989
0.35074082
0.46190518
0.41983387
0.34623173
0.3264408
0.48366198
0.5010007
0.30144355
0.3349624
0.45698577
0.5399813
0.3283027
0.31998232
0.51744086
0.44737306
0.34492716
0.3272281
0.5038438
0.44160032
0.33386686
0.33488408
0.49817136
0.44262707
0.33014244
0.3588705
0.49351498
0.44669065
0.33943018
0.36141506
0.41994354
0.47025394
0.32774928
0.38342142
0.43451074
0.39880633
0.35597894
0.33244288
0.42585406
0.50250816
0.35660732
0.33016983
0.42794383
0.5654995
0.38287404
0.45745352
0.45891523
0.3095639
0.31670818
0.44004053
0.46629936
0.34121665
0.32479876
0.50101084
0.44406724
0.34070715
0.34967452
0.4122542
0.44909808
0.33772716
0.3491329
0.4391967
0.4826784
0.29680187
0.31391847
0.462357
0.42934194
0.36609071
0.3188767
0.44206488
0.43212292
0.31809407
0.36371195
0.44034892
0.44879305
0.30870986
0.33078143
0.43100035
0.40073732
0.33225545
0.31218505
0.41941682
0.51546425
0.34114584
0.36993343
0.44789523
0.47062278
0.33008474
0.33219853
0.4597059
0.45825496
0.3547237
0.36607298
0.43404648
0.5185897
0.32993618
0.33808902
0.45795494
0.4443561
0.37259367
0.30759546
0.46137467
0.43262
0.3424314
0.32933417
0.47615105
0.47232962
0.30797255
0.4294988
0.463275
0.3427433
0.33025494
0.46280217
0.4327476
0.34769294
0.37754264
0.42249185
0.5309726
0.3232813
0.3569071
0.4127004
0.50322783
0.35843238
0.34284803
0.45479074
0.37691453
0.31401464
0.32194564
0.5756213
0.40121922
0.35260198
