0.5781355
0.32770193
0.59104943
0.29500347
0.5663724
0.31918198
0.380551
0.36816674
0.28794205
0.3176392
0.46221578
0.3888908
0.33999974
0.31397915
0.39029008
0.39519122
0.33890665
0.30051866
0.39519253
0.39772397
0.33512482
0.28268698
0.5588261
0.30645704
0.3985322
0.3883784
0.28063348
0.3038953
0.38837788
0.39853284
0.33284435
0.30744648
0.5814807
0.3029402
0.5675348
0.35257733
0.5570939
0.33934778
0.6633869
0.34840527
0.5867572
0.32764804
0.34022048
0.3402293
0.33722246
0.28877035
0.34022915
0.34022024
0.30974343
0.3006797
0.39384967
0.41574368
0.29121688
0.3020796
0.4193951
0.4151866
0.35432383
0.2881511
0.4151869
0.43707836
0.32328647
0.33078638
0.88057774
0.32138178
0.44110397
0.41109556
0.26292723
0.28331822
0.3820057
0.39754784
0.32261735
0.31750998
0.41109633
0.41837558
0.30253118
0.31298813
0.39754882
0.40100104
0.312731
0.29063362
0.6009567
0.29000044
0.4177309
0.41911516
0.27158335
0.31971714
0.41399646
0.2743002
0.3719922
0.29582506
0.40599364
0.4177339
0.2938522
0.3163678
0.39408666
0.4124187
0.36298248
0.32336706
0.39543346
0.33705628
0.28563586
0.30490783
0.37563428
0.34254247
0.32336032
0.3362923
0.32382083
0.39656577
0.3201618
0.33379114
0.40465382
0.3502397
0.3044755
0.28473648
0.3617417
0.32536456
0.34253627
0.31364334
0.38816956
0.3895107
0.3309828
0.33456135
0.38860083
0.39279535
0.32595444
0.31390488
0.3768395
0.37533176
0.331397
0.3216275
0.42387438
0.34577844
0.3158511
0.33136708
0.32092434
0.32954016
0.3110012
0.33284003
0.3233747
0.4409692
0.32689378
0.36215338
0.39650834
0.42170882
0.33311743
0.27944413
0.31133884
0.3257085
0.29305366
0.3433029
0.41092837
0.31636593
0.2705157
0.28000158
0.3399385
0.3544938
0.32533845
0.34450987
0.4211366
0.36891913
0.31328896
0.32444417
0.3895112
0.3535784
0.3294974
0.29274413
0.31761095
0.31637162
0.34223223
0.28685126
0.57135874
0.28210598
0.3956352
0.39425787
0.3244556
0.2699968
0.3942584
0.39563632
0.3059714
0.31218758
0.544917
0.29153225
0.58950925
0.31051257
0.5242014
0.32283527
0.34785488
0.43325788
0.3083369
0.2813584
0.41481274
0.39657578
0.28270817
0.3039066
0.37766033
0.4123596
0.30851972
0.3124077
0.40560243
0.37766266
0.30803168
0.3036039
0.3905339
0.38602623
0.31899023
0.30482644
0.39445472
0.3787764
0.29086548
0.30834228
0.37877747
0.39053282
0.36702585
0.30838805
0.679693
0.31878427
0.70813805
0.33985707
0.6089402
0.29651964
0.6495261
0.2902736
0.5999756
0.29354694
0.5413692
0.2939996
0.59219176
0.31145397
0.3817718
0.33738965
0.64808524
0.30762738
0.3800706
0.4110738
0.34210134
0.30742067
0.39287466
0.36020753
0.27839288
0.35462287
0.42900422
0.3683576
0.32391512
0.3116745
0.35388693
0.3743889
0.34592798
0.33236524
0.31254807
0.32136935
0.3673767
0.3017321
0.32136846
0.3125473
0.32286295
0.31109962
0.57255596
0.3199608
0.45416424
0.47269186
0.31101468
0.3088611
0.47269088
0.44047192
0.28965607
0.30092305
0.45174643
0.43474606
0.28641808
0.34199724
0.57601815
0.3133154
0.37600538
0.36020482
0.30326325
0.3293522
0.37220594
0.37600565
0.33048376
0.30897292
0.37565193
0.38713276
0.31210348
0.34165302
0.36390477
0.35863367
0.34902704
0.28512534
0.35863462
0.36390585
0.32902727
0.31627506
0.616785
0.34831038
0.57164997
0.31831422
0.5744523
0.28611848
0.622209
0.30074358
0.54825413
0.29172274
0.5974555
0.30763096
0.37243465
0.33791837
0.35799092
0.30844766
0.33791703
0.37243313
0.2875677
0.30242297
0.5655952
0.3034811
0.39504036
0.38892308
0.32795435
0.32887396
0.38892534
0.39504126
0.3119145
0.34495565
0.32296342
0.4116868
0.3168137
0.28963822
0.33778012
0.31006458
0.33116367
0.29845867
0.41628453
0.30903822
0.29566488
0.34196472
0.43412802
0.3974481
0.27664077
0.3162753
0.40794337
0.42371106
0.27987847
0.3411541
0.40344512
0.38117984
0.32229856
0.32628506
0.32224146
0.32566977
0.30514613
0.32021233
0.3660993
0.41084453
0.2788853
0.31370664
0.40245342
0.37681273
0.33142507
0.31455192
0.33161563
0.39143646
0.37287304
0.34701675
0.39760837
0.325905
0.2985313
0.33967
0.35269174
0.3862438
0.31655362
0.32028255
0.6419215
0.29494748
0.568127
0.323041
0.55133575
0.3342484
0.62669826
0.29506156
0.5803869
0.30286825
0.38752595
0.38923177
0.30632198
0.28826874
0.38923135
0.38752523
0.34434104
0.327151
0.5608561
0.33268952
0.3930315
0.37890851
0.3161267
0.30825108
0.3891045
0.4536314
0.3478073
0.2767503
0.3789076
0.3930311
0.2825728
0.31054938
0.38423586
0.37574023
0.29541487
0.3109747
0.3962195
0.38423476
0.29847583
0.28324863
0.5263075
0.33408117
0.57337075
0.31021115
0.6681495
0.27337635
0.587821
0.28909883
0.59503996
0.3225212
0.42156643
0.41520125
0.3179826
0.27548182
0.41520083
0.4215677
0.27467787
0.30617645
0.42825696
0.45332718
0.284817
0.31121942
0.4533269
0.43700844
0.3010756
0.30795524
0.42527285
0.4282591
0.32626984
0.28805432
0.63702977
0.31906873
0.60777515
0.3077139
0.5970173
0.28942746
0.61377084
0.30714032
0.3398802
0.3488018
0.37943107
0.3610782
0.30845594
0.28268614
0.3610774
0.3794308
0.31659818
0.35847145
0.6297436
0.28943348
0.40446746
0.42139876
0.3191736
0.27790457
0.4213995
0.40162057
0.30994302
0.29664093
0.3839738
0.39415726
0.3068629
0.3336639
0.39659753
0.38897657
0.30089945
0.31255156
0.37679642
0.3952142
0.28581423
0.32257774
0.6005437
0.33181122
0.6344575
0.27268893
0.6446626
0.3014581
0.6065967
0.30523032
0.37354767
0.36007747
0.3283885
0.30282757
0.4318256
0.37354794
0.31250504
0.3066655
0.42966783
0.3548942
0.33313993
0.30527258
0.43795064
0.44223234
0.33095792
0.27649236
0.44632363
0.43794996
0.32515806
0.30959398
0.41360244
0.4275723
0.3210805
0.2759477
0.6275981
0.3158839
0.35831025
0.30259496
0.553955
0.30441433
0.52515554
0.3530128
0.6010794
0.3150057
0.554178
0.3234861
0.5030452
0.5107567
0.31190383
0.31327173
0.5107542
0.50304496
0.31921482
0.32489923
0.55566025
0.2840056
0.5580757
0.28988835
0.42311
0.40157512
0.30603388
0.32728517
0.4257433
0.40554416
0.2962687
0.2949157
0.41885248
0.4231106
0.35255164
0.30554143
0.42057502
0.43116623
0.27938294
0.2943621
0.38571048
0.42373368
0.28420293
0.37748435
0.6367502
0.30344015
0.6268097
0.31594795
0.3943941
0.3810646
0.32327273
0.32554647
0.3810644
0.39439535
0.29061407
0.3293121
0.5835832
0.31890777
0.6053758
0.2843846
0.6468959
0.33354005
0.6046482
0.36256942
0.36970606
0.37235838
0.2978837
0.2945198
0.41591376
0.37939465
0.3202276
0.30126467
0.4123669
0.4159143
0.28337088
0.29297346
0.40663576
0.40528885
0.31406647
0.31093153
0.39212155
0.38650662
0.321489
0.2933566
0.6218627
0.29188535
0.6207382
0.32681677
0.6441848
0.2863157
0.63896847
0.28358096
0.38908637
0.39440304
0.37812936
0.32365644
0.39440197
0.38908482
0.289551
0.3006859
0.6635474
0.30897954
0.37947634
0.3917624
0.33106458
0.29842263
0.39176172
0.3794752
0.29066524
0.3472177
0.63159066
0.30288267
0.6930979
0.27856168
0.38345686
0.4441695
0.29665375
0.27544278
0.4441707
0.45491257
0.2767275
0.2904662
0.38211718
0.38836884
0.27775744
0.28127688
0.42084554
0.36042976
0.31127304
0.27872324
0.38949057
0.38639313
0.27144316
0.3165154
0.46826836
0.46143836
0.32297578
0.31853744
0.60650474
0.2762432
0.5281473
0.2885857
0.4005048
0.42400506
0.26515225
0.2688619
0.42400575
0.40050593
0.26349416
0.2855502
0.38072458
0.36769235
0.3055163
0.28387806
0.36769274
0.38072494
0.35462248
0.312205
0.6503665
0.33962768
0.43001214
0.31704614
0.32584977
0.33887655
0.34512147
0.40361476
0.30918694
0.32081982
0.34113628
0.34872362
0.3217793
0.28279665
0.40361464
0.40042096
0.32097998
0.32702166
0.36797234
0.3757394
0.313573
0.32544255
0.37573767
0.36797008
0.30797115
0.32137167
0.35851812
0.3844868
0.29943898
0.30268922
0.37386826
0.35851786
0.3111435
0.31832218
0.38448572
0.3738682
0.3428629
0.32687977
0.58901274
0.3147328
0.6325654
0.30245185
0.6053335
0.31627008
0.56814605
0.29904178
0.5790602
0.33024392
0.4007207
0.40214223
0.2766854
0.27092272
0.39542538
0.37044027
0.32500082
0.32183573
0.3365738
0.3164889
0.3156853
0.3464038
0.35547197
0.3652294
0.29596362
0.27518168
0.30569243
0.37323797
0.32214597
0.29470024
0.32394642
0.37967148
0.36862493
0.2957819
0.32608485
0.39261526
0.36310723
0.29617572
0.38283375
0.38101268
0.30947322
0.3207021
0.47736603
0.38858247
0.31244007
0.34296975
0.42317012
0.3708394
0.33589348
0.29973277
0.38913816
0.37792736
0.29488704
0.29752725
0.38597146
0.3958524
0.30376786
0.28866172
0.33682072
0.3981925
0.28118995
0.29413548
0.31143397
0.34618962
0.32687613
0.33815703
0.34065175
0.42057192
0.29893947
0.31616172
0.3748887
0.32590002
0.3102927
0.32849038
0.40552855
0.3919647
0.30976853
0.2774756
0.37282476
0.40645045
0.34223464
0.29028732
0.3973902
0.3921695
0.291509
0.31689742
0.39781624
0.37792554
0.30371225
0.33832934
0.4033008
0.3881064
0.33498177
0.2880359
0.3845663
0.38834545
0.30917245
0.34690997
0.38583747
0.38236514
0.32374343
0.29496023
0.3974179
0.40585864
0.28211415
0.27766755
0.38253498
0.37121388
0.31566966
0.32063004
0.39264312
0.41033465
0.3239331
0.28576127
0.35895008
0.36394635
0.37878057
0.30490953
0.31215754
0.32238293
0.33120638
0.35511354
0.38708788
0.3207474
0.31293014
0.35059294
0.39257917
0.39052457
0.28128356
0.3245978
0.38998586
0.4044805
0.29596734
0.3065372
0.42429417
0.3321793
0.29033318
0.323805
0.41467646
0.41487786
0.28072566
0.3123622
0.31515163
0.4043588
0.30181736
0.30429018
0.4102071
0.36467192
0.3343571
0.29159784
0.41666666
0.30587637
0.298049
0.32177258
0.31229883
0.39564118
0.31505677
0.2946078
0.3817542
0.35083625
0.3243289
0.33034432
0.31782234
0.31494042
0.33245918
0.28874606
0.40542814
0.3940291
0.32462335
0.30900678
0.39517495
0.43101597
0.2983785
0.31078285
0.41286355
0.3931158
0.32696494
0.28642863
0.39402956
0.41329116
0.3559202
0.33527625
0.64276004
0.27202716
0.546567
0.3437408
0.6337401
0.32349768
0.6541532
0.32485604
0.3667718
0.39748812
0.33388838
0.33669162
0.37696046
0.38720366
0.29607734
0.30977613
0.39748728
0.37696165
0.34779072
0.30728772
0.3751077
0.37868482
0.2753283
0.33711925
0.40396738
0.36904934
0.28896242
0.28495747
0.37112212
0.39548162
0.3352479
0.3099711
0.36021662
0.36140165
0.29978746
0.2979428
0.36140192
0.36021635
0.3534898
0.34330758
0.62032586
0.3313197
0.55555713
0.30559686
0.42087916
0.4217502
0.31213298
0.34162503
0.4217512
0.4208794
0.28866196
0.32774436
0.65431917
0.30494788
0.61468244
0.3136457
0.5559016
0.29494196
0.6034403
0.29565716
0.44060943
0.32656854
0.29215458
0.34667802
0.32160527
0.44060773
0.32828984
0.27683514
0.3265682
0.32160553
0.32915205
0.30977193
0.42429236
0.41587192
0.32122955
0.30718488
0.41587278
0.4242934
0.2727478
0.29661664
0.64851904
0.28874612
0.5761554
0.28407818
0.6317251
0.3167231
0.5635453
0.30716473
0.6076983
0.2663469
0.64076126
0.2945845
0.62409323
0.2749049
0.297043
0.3399184
0.36934167
0.37239504
0.27125758
0.30593988
0.3723964
0.3693426
0.31326216
0.29916182
0.5843758
0.25902817
0.62701625
0.30716375
0.6185974
0.3242659
0.6539445
