0.42000774
0.46756187
0.32391766
0.34097514
0.43399715
0.4485221
0.35162878
0.3584651
0.41155756
0.4025451
0.3515845
0.36152464
0.44600916
0.42418382
0.35262603
0.32728508
0.46071327
0.38456342
0.3024084
0.32637447
0.4304581
0.38300884
0.34615323
0.33659542
0.42048043
0.48334104
0.33546895
0.34015447
0.41626087
0.42845994
0.38042146
0.3423703
0.4159636
0.4420363
0.34819922
0.39583552
0.4319408
0.45672292
0.33802179
0.3269216
0.39251387
0.3973779
0.36645693
0.28908685
0.4420353
0.44600806
0.3362652
0.31736073
0.46069524
0.42261454
0.36331534
0.39393896
0.46491742
0.42600226
0.3375293
0.29926482
0.42987013
0.40649992
0.33580813
0.36046782
0.49367777
0.5022395
0.2768038
0.35902664
0.4813962
0.53121996
0.3516574
0.3355842
0.5070331
0.4553035
0.3397266
0.30208528
0.45214605
0.45780998
0.3328477
0.30965748
0.47119144
0.49395707
0.3693927
0.35115656
0.50686526
0.43800166
0.35262343
0.35788333
0.44218135
0.44536242
0.39582163
0.37700057
0.4434072
0.46178153
0.36641043
0.32685804
0.45132244
0.43913096
0.41083422
0.32991353
0.4181192
0.5415408
0.32087293
0.40002152
0.4356962
0.44210285
0.34780663
0.32548818
0.4510307
0.5509841
0.27269858
0.2871232
0.40971994
0.4466539
0.30971932
0.32495466
0.45329365
0.42040658
0.36012265
0.2988753
0.459443
0.46440357
0.32257372
0.36946806
0.4667318
0.42141256
0.34972715
0.3604434
0.43716577
0.39849225
0.31836998
0.31528026
0.492084
0.5209978
0.36715436
0.2969528
0.43165678
0.4841364
0.36705303
0.3162023
0.43122306
0.44609356
0.33719254
0.3464757
0.43740085
0.45224264
0.28291145
0.36792472
0.42107335
0.4346994
0.33781132
0.32510558
0.39015394
0.4135454
0.30653363
0.34388557
0.434699
0.43328333
0.4048215
0.31690532
0.45481536
0.53363025
0.40991268
0.3171754
0.43626934
0.51048875
0.29086593
0.34920904
0.4269255
0.44866908
0.30738705
0.30758345
0.43733826
0.43983293
0.36108455
0.2819176
0.4780319
0.41425136
0.28824097
0.3615419
0.42031395
0.46236944
0.38829002
0.33050773
0.45471185
0.4229786
0.32373333
0.3138407
0.42634937
0.38287914
0.33490345
0.34516248
0.43377167
0.4358605
0.3960962
0.36187762
0.4377752
0.44752982
0.39798757
0.37005454
0.45250714
0.4668831
0.31699294
0.30723256
0.41754472
0.4273912
0.32764488
0.31224647
0.40807253
0.4147554
0.3185807
0.37890458
0.4718097
0.45875114
0.31628495
0.35783046
0.4048122
0.46060994
0.3505949
0.344182
0.45570388
0.38644978
0.3404676
0.39016694
0.47995076
0.4352116
0.35154784
0.31645003
0.473418
0.52084494
0.32893848
0.32228148
0.4723029
0.47124863
0.3765529
0.3106573
0.39627764
0.39793643
0.31050947
0.34713647
0.44882542
0.48926404
0.3010071
0.34847218
0.43267113
0.42442316
0.35672876
0.30394214
0.46122572
0.47496533
0.31263688
0.3282817
0.48966697
0.48717344
0.30613852
0.33881408
0.4518974
0.44346
0.33229387
0.34492692
0.48801246
0.3904862
0.33215427
0.31594324
0.4725706
0.528173
0.3093136
0.32393694
0.45875415
0.3923291
0.32030252
0.32157362
0.50754684
0.44993308
0.314096
0.34256446
0.4544859
0.41997603
0.32330367
0.3314892
0.46217555
0.48966867
0.30959305
0.3299731
0.4378592
0.46091375
0.34037855
0.30570912
0.46358752
0.44361082
0.28836238
0.32962015
0.39872047
0.42249832
0.3084633
0.2964053
0.47494113
0.46476385
0.33831546
0.32863
0.42249832
0.473054
0.31850713
0.29906908
0.3638858
0.3847631
0.29669315
0.35344297
0.4570278
0.46801296
0.30632716
0.3032761
0.3775837
0.40012342
0.3255851
0.33554396
0.41603926
0.40944463
0.3360576
0.3065129
0.3839885
0.37287885
0.31382266
0.3337476
0.42070758
0.4922324
0.30470765
0.3222257
0.38647127
0.40313178
0.33101588
0.3569045
0.3861006
0.40758944
0.30252972
0.32426468
0.43986586
0.390772
0.31571153
0.312182
0.41327614
0.41940296
0.3104493
0.34648415
0.41809404
0.46129894
0.35321292
0.363966
0.417628
0.4113329
0.30163145
0.38686153
0.38927412
0.39104855
0.31117532
0.3094504
0.43469146
0.38047716
0.35731256
0.30786446
0.3996983
0.38927376
0.30229303
0.34431022
0.54289913
0.45496184
0.3219943
0.3140652
0.42409065
0.5623766
0.29742718
0.2912808
0.48034382
0.47925788
0.30865386
0.33043227
0.43867344
0.4240903
0.31748712
0.34504572
0.44287047
0.44265705
0.32792288
0.30678305
0.50255567
0.4930911
0.3315053
0.35652146
0.44402152
0.4344547
0.34399995
0.34652266
0.45464355
0.45285437
0.31752592
0.35922548
0.4776957
0.40221998
0.34049505
0.33563888
0.46114087
0.43097675
0.31680998
0.37614658
0.42768398
0.420221
0.35382447
0.31166878
0.446862
0.42362124
0.335312
0.28924018
0.40639317
0.47007987
0.31197652
0.36067104
0.40834847
0.4007988
0.31623402
0.30947998
0.39333573
0.528284
0.30490157
0.2951321
0.5023736
0.36219254
0.30166733
0.29249325
0.4447818
0.3873782
0.3189648
0.35414726
0.3824424
0.3785867
0.36858794
0.30992153
0.3406435
0.44952598
0.31085718
0.354381
0.40329388
0.47846243
0.34890777
0.33036602
0.38759357
0.43740183
0.349858
0.3123528
0.4784644
0.4194598
0.32429174
0.29711223
0.38631126
0.38178718
0.3340497
0.36882046
0.416089
0.4095219
0.3176415
0.332451
0.40558353
0.44739854
0.34683964
0.3457619
0.4459713
0.43582556
0.34382176
0.32348704
0.44065535
0.3893836
0.32704654
0.30875206
0.39937627
0.4387934
0.3057763
0.32957458
0.40990916
0.4301025
0.33335593
0.30660087
0.42894337
0.41477785
0.35652396
0.3367348
0.46316034
0.4199588
0.3332096
0.288183
0.45078817
0.49761832
0.3544025
0.34068274
0.43400732
0.52210563
0.30831274
0.35160565
0.4484885
0.41801986
0.37551105
0.3457648
0.4919077
0.40714777
0.29908496
0.31018057
0.4688141
0.49052653
0.3985255
0.36321932
0.48874363
0.45030284
0.3128929
0.34251136
0.43038005
0.38520527
0.29913723
0.3256258
0.4499775
0.48299024
0.3182914
0.32669005
0.41997394
0.45195886
0.36657804
0.37882176
0.45027727
0.47776404
0.31685412
0.33182377
0.42566845
0.44423544
0.28414053
0.37039053
0.46578607
0.4571589
0.3207175
0.3793046
0.41717288
0.41997403
0.37490687
0.34563392
0.51494104
0.46593034
0.41035575
0.32465443
0.4253324
0.38773933
0.25802332
0.265617
0.42290276
0.53890514
0.2975119
0.29357177
0.40604657
0.47599888
0.2752046
0.27484566
0.44039357
0.4157004
0.30044734
0.27709198
0.44311616
0.48177192
0.32178304
0.29834554
0.39073718
0.4324229
0.27048954
0.2904156
0.468539
0.38153514
0.29452464
0.31660634
0.52085495
0.5464497
0.3009267
0.27965078
0.4267792
0.45825836
0.30552378
0.32663965
0.4300408
0.41878554
0.28245524
0.289565
0.42383832
0.44597235
0.27982438
0.30021778
0.4976207
0.4711327
0.29163232
0.28686547
0.44597137
0.49294654
0.31550625
0.31173325
0.44031933
0.41883045
0.27867866
0.28136843
0.41878757
0.38964248
0.29190135
0.30820808
0.44540536
0.43945754
0.29544207
0.30925912
0.44566548
0.4334766
0.308024
0.3076905
0.4312816
0.4093949
0.33637762
0.29579124
0.37432277
0.42669886
0.35229695
0.35612923
0.44975364
0.40235224
0.3254275
0.30513015
0.52155596
0.4040963
0.29096735
0.30216604
0.39099088
0.50133187
0.37201494
0.32512042
0.44218338
0.45511344
0.33610305
0.3155313
0.41821975
0.48042354
0.3176934
0.2994999
0.44609055
0.38395968
0.3101748
0.35607406
0.47998855
0.37473574
0.32394466
0.34225687
0.44444826
0.4648378
0.2998758
0.29818246
0.43010965
0.45983228
0.35922223
0.3352657
0.3922767
0.44132972
0.34181997
0.34385183
0.4049106
0.38763326
0.3405207
0.35947025
0.49371943
0.445219
0.33769634
0.3045718
0.47245187
0.43499702
0.37681842
0.33817387
0.452534
0.515433
0.3288543
0.3471569
0.44824353
0.4447687
0.37453446
0.32904798
0.4564782
0.43518555
0.33269066
0.36437055
0.41916364
0.42298767
0.28070065
0.2934172
0.43354857
0.4076376
0.3175376
0.33632612
0.3986042
0.43031707
0.3326434
0.3528578
0.4074427
0.40355873
0.32663387
0.37763688
0.51406556
0.43211037
0.3355859
0.36131823
0.40023175
0.46055415
0.34518415
0.29209998
0.47045216
0.49999404
0.30292094
0.2889194
0.41866583
0.4896749
0.34813634
0.29122338
0.4699712
0.41942662
0.31094316
0.35259628
0.47952062
0.4268743
0.32051486
0.2792485
0.48344767
0.42227915
0.3290301
0.33302328
0.49416098
0.46968743
0.37405762
0.29416445
0.45670274
0.44255528
0.31756982
0.3256454
0.44255438
0.43087754
0.3491441
0.30622238
0.43649036
0.4234595
0.36539784
0.2929799
0.44170505
0.41916254
0.3922192
0.34404832
0.44750002
0.4783564
0.39956978
0.35096285
0.41425925
0.3987561
0.35776284
0.35277492
0.4436913
0.41470057
0.30918586
0.34457988
0.4542167
0.44739547
0.37893835
0.37700075
0.45008695
0.42429236
0.33517805
0.33447632
0.426094
0.45008805
0.36976907
0.30798286
0.45403495
0.44608277
0.34120488
0.4014375
0.414529
0.41637197
0.3291584
0.3842926
0.48616877
0.44703984
0.3297172
0.36452803
0.44473907
0.4483214
0.32334578
0.32218298
0.43117735
0.4359833
0.34058055
0.3556278
0.44242314
0.44615737
0.3345296
0.29111922
0.4359832
0.44993076
0.38961557
0.36638424
0.45617017
0.48225003
0.3651015
0.306307
0.3694879
0.4267852
0.29397324
0.32854933
0.38485414
0.41989088
0.29911295
0.37050256
0.4140414
0.41523886
0.3136518
0.37193847
0.47687387
0.42043903
0.35498038
0.32034963
0.5274707
0.43078193
0.34754404
0.3066706
0.48021963
0.42302355
0.36508375
0.3201473
0.4574875
0.44656408
0.35054538
0.3593052
0.5330678
0.43312153
0.34665737
0.33144283
0.41097426
0.36948726
0.33330175
0.349082
0.42944905
0.44711238
0.30692565
0.41277075
0.46572837
0.48604017
0.31483597
0.31662476
0.4334022
0.40481806
0.35818547
0.35139963
0.48206478
0.49110767
0.30763227
0.35368884
0.41816363
0.42689848
0.31030568
0.3581024
0.48432243
0.4654314
0.31286764
0.3121861
0.4935625
0.49352917
0.32404014
0.30331767
0.45213425
0.4306133
0.34719563
0.30382153
0.4756896
0.44362485
0.32233658
0.32929012
0.4341934
0.41816437
0.33326793
0.3564741
0.45055878
0.4665425
0.31551945
0.32129207
0.46960643
0.4575522
0.31037205
0.30822015
0.48587683
0.46059972
0.31734154
0.30077583
0.49816895
0.47528633
0.3091142
0.32400858
0.49353066
0.44193515
0.31173193
0.31649157
0.47845128
0.4471384
0.303818
0.33486918
0.3916153
0.502814
0.3003329
0.30200285
0.54142594
0.43193972
0.3238019
0.31393504
0.49379027
0.4498041
0.2867888
0.33265656
0.49647862
0.4405849
0.33439144
0.29888782
0.4800115
0.4246085
0.3038635
0.31350857
0.404712
0.4075991
0.31708077
0.29782203
0.3902643
0.4975701
0.2861998
0.31746358
0.42468822
0.4150096
0.29778647
0.36748415
0.46509063
0.46377313
0.3024744
0.319395
0.4203875
0.43291187
0.3137037
0.3281762
0.41633016
0.40944055
0.35897872
0.29819828
0.46889156
0.43336642
0.27364373
0.29907343
0.43390504
0.45771417
0.39779407
0.3244724
0.44337103
0.40471122
0.3139623
0.2920359
0.42586097
0.42744327
0.33742625
0.3237414
0.36391822
0.50933725
0.29520717
0.28952038
0.53472626
0.37745926
0.29322723
0.31365934
0.46914557
0.37845516
0.31144333
0.33527416
0.44906607
0.43811244
0.34305987
0.32453057
0.3810501
0.45778045
0.3110841
0.37500086
0.38280073
0.4922398
0.31525987
0.31002188
0.43578947
0.40461648
0.3056218
0.3235922
0.3604768
0.44906694
0.3352054
0.30928272
0.38586664
0.5471782
0.36541831
0.3096424
0.42952633
0.3569888
0.31120014
0.33770242
0.3758269
