0.37510827
0.50927246
0.5092738
0.39158225
0.3522896
0.43424907
0.43424833
0.30098763
0.3489783
0.48983315
0.4898305
0.38122848
0.37544858
0.4520186
0.45201734
0.34318855
0.37728053
0.47580868
0.47580728
0.4068508
0.31352472
0.46970573
0.46970278
0.35287946
0.33203033
0.41910684
0.4191063
0.3452587
0.33566543
0.45604303
0.45603982
0.3137449
0.3430262
0.4648046
0.46480402
0.31783402
0.30128536
0.5065535
0.50655276
0.36420283
0.3168233
0.393329
0.39332724
0.33364034
0.32999367
0.47402307
0.47402027
0.34883976
0.38454354
0.4785998
0.4785986
0.33979547
0.33049256
0.49224806
0.49224564
0.319372
0.33444616
0.44926155
0.44925913
0.3483689
0.40137893
0.50306207
0.50306094
0.33209333
0.34823182
0.500942
0.5009391
0.36120126
0.30302507
0.4765604
0.4765609
0.36920196
0.33495644
0.4501983
0.4501975
0.3170524
0.3067735
0.5326688
0.53266764
0.32292846
0.32740209
0.4801244
0.48012358
0.35178444
0.3014556
0.46366242
0.463663
0.32423308
0.337691
0.47553378
0.47553146
0.34291127
0.33691514
0.44451416
0.44451153
0.36226034
0.33669284
0.51654667
0.516544
0.40841833
0.34777048
0.50933605
0.5093342
0.34189063
0.37477106
0.44823506
0.44823363
0.36355293
0.3119712
0.46367347
0.46367306
0.3317979
0.34229827
0.44316274
0.44316217
0.33778724
0.35844252
0.49031734
0.49031666
0.36221233
0.32235035
0.44623134
0.44622952
0.35798368
0.33597177
0.5676174
0.56761485
0.30925223
0.33879137
0.48701775
0.48701838
0.37198803
0.36579952
0.437777
0.43777657
0.3314184
0.32794896
0.4524143
0.45241562
0.32308948
0.3440088
0.47504604
0.47504604
0.34194177
0.34141278
0.5170402
0.51703745
0.36123565
0.34803605
0.47390887
0.4739092
0.36553583
0.33053276
0.48090518
0.4809053
0.34056297
0.31508008
0.50419086
0.50419056
0.32653034
