0.5356119
0.54316694
0.27673286
0.40499452
0.47242805
0.5457265
0.38087547
0.311972
0.5541731
0.5736364
0.3858009
0.30881947
0.4632423
0.5356133
0.37309763
0.30644587
0.5456115
0.51954955
0.3323028
0.2904005
0.517455
0.4632436
0.3567347
0.31682205
0.520642
0.56107795
0.29264194
0.34778407
0.53505355
0.5494183
0.28646302
0.31692076
0.562372
0.5643528
0.2729162
0.29630813
0.56435394
0.562373
0.32603735
0.2820401
0.56401813
0.5647318
0.34532392
0.2749739
0.59870726
0.5206421
0.29522872
0.27585238
0.5132076
0.5041718
0.3545915
0.34127322
0.5486902
0.46319625
0.28766355
0.37080577
0.52249694
0.5271362
0.30788764
0.34128624
0.4895859
0.45549855
0.32292333
0.35831636
0.432617
0.4740721
0.37122846
0.29960552
0.4568335
0.39867115
0.29303518
0.30481905
0.50578314
0.5537615
0.33961058
0.3322573
0.51084083
0.49740222
0.3656191
0.32754126
0.51684487
0.5687771
0.37919235
0.32901812
0.48623952
0.4757575
0.3151929
0.33184385
0.51392573
0.4862394
0.30801326
0.32261965
0.5167746
0.4557331
0.3572089
0.34605536
0.427749
0.5131093
0.3853538
0.37475204
0.54175687
0.5597464
0.32397646
0.33578974
0.4342171
0.5516058
0.29829684
0.31088388
0.5370301
0.5380399
0.30955732
0.28235987
0.5380393
0.5057965
0.29732352
0.35890356
0.451649
0.42775053
0.32623544
0.35743508
0.5092436
0.5170573
0.36157975
0.31892586
0.5284506
0.5208254
0.35781983
0.3591806
0.55287504
0.5741899
0.3581102
0.35814518
0.54998004
0.49155763
0.40333843
0.40605053
0.5170587
0.54656285
0.3543097
0.35768282
0.5085072
0.49244964
0.3274739
0.40479028
0.45705622
0.49496233
0.29784858
0.37721792
0.48575258
0.5395047
0.29361567
0.2882772
0.48835036
0.5806228
0.28668532
0.36634117
0.5806229
0.526299
0.32843632
0.29602852
0.50728416
0.45705667
0.29237348
0.3183068
0.43397066
0.44746822
0.33686066
0.33234292
0.5319102
0.526328
0.29356802
0.38480258
0.58379453
0.50069326
0.32566875
0.30284414
0.526327
0.5837941
0.37716728
0.39153817
0.50069374
0.52680695
0.36893702
0.3113901
0.42695367
0.4694576
0.37384054
0.36911917
0.41641736
0.400223
0.31395045
0.30932546
0.509399
0.52053374
0.31917557
0.31756675
0.51564735
0.50738084
0.3394645
0.36055514
0.52053684
0.58966
0.28370723
0.34282023
0.53496194
0.4520296
0.3096269
0.33150423
0.5509589
0.47366244
0.30363402
0.32701385
0.44918486
0.39304182
0.35409945
0.3099936
0.510445
0.5127005
0.30924922
0.31621525
0.4987958
0.48558122
0.36130258
0.29973617
0.5544764
0.56980366
0.2902388
0.3060025
0.4981245
0.47870198
0.3220749
0.31795105
0.50368536
0.4987961
0.3811872
0.32647544
0.5222056
0.53297615
0.41996422
0.36758205
0.5104224
0.5098325
0.30328384
0.37917623
0.53297645
0.51276517
0.30809578
0.27317622
0.50250334
0.5331434
0.30640262
0.39753443
0.532504
0.5191004
0.2959215
0.3070474
0.49234617
0.49515355
0.3204192
0.317017
0.51400447
0.4805855
0.39337572
0.2958614
0.49515295
0.51231736
0.2956537
0.3222998
0.50068206
0.5297728
0.31263638
0.38254258
0.51231796
0.4995188
0.28752464
0.35630703
0.50648636
0.58521724
0.3619601
0.2968257
0.58521616
0.480686
0.34982997
0.39492613
0.5742642
0.5559312
0.3706043
0.3408706
0.5248324
0.5742634
0.4008743
0.3638469
0.56232995
0.50648654
0.32521328
0.31635576
0.49727744
0.56469274
0.32090804
0.30532494
0.4846841
0.49853593
0.31794456
0.320863
0.49853736
0.48840454
0.34679297
0.30744153
0.4858404
0.5016969
0.3150229
0.3612764
0.45884496
0.50311446
0.35863078
0.30589268
0.48880088
0.46294653
0.40256327
0.32110783
0.4804857
0.50909
0.3112773
0.3189564
0.56230325
0.52208745
0.3223257
0.33587816
0.6106012
0.5963286
0.32466847
0.35661194
0.52208704
0.51092523
0.36820376
0.31709817
0.497786
0.46237323
0.32589376
0.32156238
0.43193358
0.46761233
0.35356855
0.32253173
0.4460082
0.47345728
0.31181154
0.28832617
0.4667321
0.47436404
0.32193583
0.3417326
0.47841275
0.51534706
0.37425414
0.38985002
0.5159828
0.4319335
0.36153886
0.3781572
0.48868537
0.47908917
0.2942761
0.31428087
0.4952507
0.48556986
0.31201673
0.2758071
0.46873045
0.50413847
0.29415178
0.34896824
0.478209
0.46795595
0.2940345
0.36223403
0.47546086
0.45991507
0.28921223
0.3752142
0.52345884
0.515835
0.3809493
0.31647074
0.5091574
0.56869024
0.32200944
0.3011012
0.59489316
0.596101
0.34120476
0.36137557
0.5568221
0.57679945
0.3652047
0.33353552
0.52097964
0.5170497
0.41597027
0.30301338
0.54552937
0.53748953
0.3070734
0.41710335
0.5532177
0.5409401
0.28937557
0.40043527
0.5374913
0.51875836
0.29455256
0.3171444
0.53091645
0.5799968
0.30376887
0.33469963
0.51875913
0.5053326
0.36723956
0.29352838
0.5566579
0.5103203
0.3055392
0.34597498
0.5103227
0.51556003
0.2917469
0.3570698
0.54261804
0.55176765
0.32470495
0.28411147
0.55176723
0.5411534
0.3113912
0.3126728
0.54115254
0.46281302
0.34304
0.35399756
0.56350315
0.51124024
0.28432792
0.3666437
0.5151404
0.5919537
0.31298876
0.30840448
0.51912457
0.5346738
0.34175774
0.2984585
0.5201793
0.5179029
0.31881326
0.30476516
0.5179036
0.4736656
0.32988003
0.2988715
0.4784059
0.5005651
0.31462723
0.37718636
0.51927006
0.48083782
0.3569948
0.27707216
0.5149284
0.48927003
0.29561523
0.3823634
0.49534634
0.50268036
0.33336625
0.29025033
0.4808398
0.5121884
0.29234686
0.3132856
0.5460467
0.5367204
0.30260688
0.3609762
0.564373
0.5639964
0.2750681
0.33348665
0.5308102
0.640218
0.30050945
0.37516943
0.60907465
0.5204014
0.28048468
0.31497082
0.46236974
0.5265501
0.33040097
0.306277
0.4896952
0.43804613
0.28322333
0.3060787
0.5582039
0.5151652
0.32220665
0.36056313
0.53498596
0.5496459
0.32334113
0.39041033
0.5698113
0.5205336
0.38049534
0.37043118
0.58858305
0.5019444
0.34954485
0.38920584
0.4955191
0.58047694
0.38971177
0.32340074
0.50458574
0.52053547
0.36330342
0.3482585
0.44808143
0.574612
0.321624
0.37550676
0.43992335
0.5269092
0.39104447
0.33745986
0.58891827
0.49342883
0.31153324
0.33260444
0.48124403
0.44808096
0.37083453
0.3504572
0.46971276
0.5244606
0.3167995
0.36035478
0.4567464
0.48470145
0.30244577
0.35627362
0.509904
0.47121742
0.28533772
0.35369325
0.5204005
0.48336422
0.36800584
0.3636865
0.41809225
0.5792493
0.36092526
0.35036424
0.492619
0.50859946
0.31066936
0.35164616
0.41304803
0.49261877
0.32153264
0.33473143
0.46791694
0.43133476
0.33846238
0.36024013
0.533544
0.5372047
0.32080716
0.30501464
0.57006973
0.56778854
0.39567906
0.32739118
0.5677903
0.575406
0.36849886
0.32639715
0.5372073
0.5335458
0.3088158
0.3221668
0.5301391
0.5341751
0.39021224
0.3164837
0.4980812
0.47012618
0.35486263
0.3098076
0.5540454
0.53471637
0.32091883
0.34568614
0.5306291
0.52452487
0.39779437
0.34490475
0.4432478
0.48955235
0.3370344
0.30216002
0.5281568
0.49456665
0.31218055
0.3765254
0.529283
0.51359963
0.3464625
0.33933964
0.48955202
0.45586216
0.32664812
0.33020622
0.48265442
0.50051063
0.34442303
0.29787824
0.5071331
0.44991648
0.3075504
0.31776908
0.557486
0.4642865
0.3023761
0.32164523
0.46428642
0.44322747
0.36001825
0.3106255
0.4462461
0.48265526
0.37217286
0.3545074
0.49562952
0.55908054
0.33050084
0.3636831
0.54057896
0.5312486
0.3241922
0.31221178
0.51220685
0.5077451
0.3420479
0.33803874
0.54825985
0.5405799
0.3713462
0.30457443
0.5257743
0.5482592
0.30874524
0.32996285
0.4971629
0.5190028
0.33022293
0.31607607
0.4852583
0.49049997
0.39626095
0.37263405
0.54109657
0.53699446
0.36598197
0.2943022
0.49408072
0.5116178
0.2878075
0.35149398
0.51543283
0.5486624
0.3932254
0.37222734
0.54866266
0.5108685
0.29959902
0.3202094
0.5267059
0.5345514
0.4187266
0.29536092
0.5104925
0.48183164
0.3471264
0.30155015
0.52955306
0.5194854
0.3258102
0.32067445
0.52927375
0.5196566
0.33046094
0.33541584
0.5732186
0.54216534
0.31426153
0.37594956
0.52743274
0.5295532
0.37779763
0.32646102
0.51279515
0.52680594
0.32781872
0.323641
0.5110683
0.5581424
0.31720674
0.31673706
0.53375363
0.45206857
0.3773402
0.29382116
0.5348177
0.4512338
0.35472256
0.35025215
0.5591081
0.59283346
0.3924935
0.3202293
0.5268986
0.55910873
0.3200577
0.3894604
0.52374893
0.52864134
0.35423517
0.33561742
0.45123497
0.41916114
0.34502208
0.32698774
0.41059554
0.5209711
0.37534487
0.28049383
0.5738288
0.54960257
0.32386792
0.3089853
0.503336
0.5346248
0.28685382
0.3177258
0.48269457
0.51765054
0.2819489
0.29461947
0.534623
0.4771917
0.3312918
0.2871425
0.45113286
0.42234963
0.28315654
0.29138368
0.5266199
0.43809885
0.35299355
0.3110156
0.44922093
0.5266219
0.32097438
0.30902982
0.5211215
0.50440556
0.32198074
0.401599
0.430281
0.50238013
0.29287332
0.27939856
0.546103
0.52112406
0.3506612
0.37385505
0.50440496
0.43028238
0.3738221
0.3223498
0.52310133
0.510897
0.31022704
0.30297118
0.54383266
0.46450996
0.29649937
0.3046772
0.5080731
0.5533963
0.296197
0.33613998
0.5109523
0.52054185
0.35933444
0.3555119
0.51995796
0.48615295
0.29588875
0.33216986
0.5094265
0.3718758
0.407642
0.36850557
0.54907095
0.54518414
0.39351803
0.33351377
0.47294477
0.54907215
0.31078297
0.36504436
0.38612553
0.5023677
0.40403545
0.33669457
0.48384273
0.47374734
0.3243401
0.30035377
0.4966214
0.5055478
0.40124562
0.32905462
0.4395127
0.3816671
0.33196002
0.33829495
0.54168904
0.4914755
0.28712413
0.31816503
0.5202394
0.5633313
0.395598
0.3901188
0.53317136
0.54632336
0.32441273
0.3206318
0.51544327
0.541392
0.33958519
0.39784673
0.5505533
0.54881173
0.30754113
0.3201044
0.51435155
0.52725935
0.3098834
0.34395826
0.439706
0.46462834
0.31142476
0.30245197
0.48941314
0.53492934
0.27334028
0.31084824
0.48751602
0.50318426
0.301058
0.31344524
0.576153
0.49533114
0.34634492
0.2981427
0.47802573
0.49376297
0.29850322
0.3268947
0.5031838
0.46887553
0.3110482
0.31255558
0.58199877
0.46662053
0.36993998
0.32615182
0.5456943
0.5077338
0.37614074
0.38670367
0.53866565
0.55010796
0.34901896
0.3293739
0.48776603
0.538666
0.33867633
0.31508973
0.5451473
0.51239467
0.3105662
0.3014553
0.46117687
0.48776898
0.31981862
0.31627923
0.4454606
0.51630634
0.3525652
0.29825336
0.5556255
0.48108378
0.30809852
0.35919017
0.5611485
0.4834806
0.31515488
0.31956
0.48677436
0.5611504
0.29159254
0.2922371
0.53955305
0.5151396
0.31470513
0.2957427
0.50387275
0.4454607
0.3125726
0.31794667
0.5201866
0.5209538
0.36577502
0.36324635
0.53406066
0.46964493
0.33681884
0.36006096
0.4530998
0.5465468
0.3631304
0.35473362
0.48987684
0.48587197
0.35562724
0.30590564
0.49931797
0.5024225
0.3183287
0.40097636
0.46245918
0.4530992
0.3168986
0.327519
0.49556446
0.511491
0.3725479
0.3163009
0.5591971
0.52707064
0.34250546
0.34901565
0.6158002
0.54832786
0.33076918
0.33441758
0.5379325
0.55999887
0.31071118
0.32484713
0.5816071
0.61579925
0.3109572
0.32602575
0.5114916
0.49556482
0.32420284
0.35888353
0.48140785
0.4729959
0.33803934
0.32378972
0.53048766
0.5095402
0.33689576
0.37439662
0.5102182
0.49087122
0.31626076
0.3118789
0.45533755
0.4811117
0.4114407
0.30741778
0.5388441
