0.41557297
0.35771188
0.41557074
0.36075082
0.46099886
0.4123459
0.45577708
0.40922314
0.4343212
0.43425432
0.46287337
0.39870536
0.39275378
0.41168153
0.40988517
0.4210606
0.40988252
0.3666672
0.43116358
0.42232642
0.45929465
0.36053133
0.43116254
0.41109863
0.45158964
0.3795251
0.4515923
0.3873203
0.42726263
0.40272713
0.42726156
0.375419
0.40999606
0.3696507
0.4085948
0.39783126
0.4085951
0.41562864
0.4085037
0.39608356
0.45390278
0.38582453
0.45465654
0.40611228
0.45390484
0.38397554
0.4566906
0.3892658
0.4566884
0.35818365
0.44794744
0.4020208
0.447949
0.3786574
0.4527107
0.39368275
0.4851878
0.38373217
0.4851867
0.4371038
0.40643245
0.36292562
0.4497641
0.39035046
0.44976324
0.37656057
0.40390262
0.4201454
0.40390098
0.3624753
0.3678901
0.40717748
0.44257373
0.36294895
0.42289227
0.40830237
0.38866463
0.3885402
0.40233976
0.39143506
0.39184058
0.39681488
0.38829497
0.38339272
0.36452797
0.3668183
0.4015002
0.42096144
0.3652829
0.35278988
0.56374145
0.384575
0.5637421
0.35272378
0.3964029
0.39915666
0.44327495
0.40638316
0.39640334
0.3949653
0.46448252
0.3755659
0.40457758
0.3951057
0.43149728
0.38892227
0.43704817
0.43313685
0.40987366
0.4035431
0.38671908
0.40012226
0.40367025
0.40162054
0.43760592
0.42544273
0.4171876
0.40650058
0.3968128
0.39833474
0.35642895
0.3585309
0.39730027
0.39445797
0.42309874
0.40741548
0.40829068
0.4092172
0.36033365
0.3894337
0.3913274
0.36760303
0.43230113
0.3942652
0.41462505
0.40403408
0.41870144
0.3741306
0.41483387
0.40443832
0.42082417
0.41145492
0.39720774
0.38169855
0.4109959
0.39921755
0.41688472
0.38421375
0.43958765
0.37990403
0.364136
0.35413513
0.4040921
0.38365018
0.43022093
0.39142635
0.41099557
0.37946892
0.4011001
0.41648233
0.40191507
0.41288403
0.41854513
0.41127273
0.394872
0.38330716
0.5047125
0.3696149
0.39487
0.3789374
0.44527963
0.3997465
0.4295705
0.40000397
0.42662874
0.41057503
0.43649414
0.42873007
0.42270517
0.39886796
0.39127073
0.36672947
0.41976082
0.3962569
0.39149913
0.416975
0.42270228
0.38988674
0.40248907
0.3750084
0.4237602
0.41305342
0.45408598
0.42005906
0.38727129
0.3695689
0.42629337
0.41336688
0.45949385
0.40183863
0.3858197
0.37641606
0.44172934
0.41680256
0.38164666
0.38555
0.41507518
0.41804737
0.40071955
0.4291489
0.40071738
0.4211585
0.4003466
0.37425798
0.40034682
0.37171444
0.4383065
0.36178097
0.4383077
0.38881826
0.41360348
0.3700008
0.40985864
0.39563733
0.4098576
0.39883944
0.45500782
0.4363261
0.39464578
0.37126172
0.43388152
0.372319
0.3648415
0.37768814
0.43192783
0.41217905
0.44569975
0.4233361
0.44569674
0.35651475
0.42486376
0.38235405
0.41378358
0.39884597
0.43901637
0.40742368
0.44143212
0.39876023
0.42026985
0.37754697
0.40090635
0.37289634
0.4137856
0.41735473
0.44031087
0.39916185
0.4036762
0.3921596
0.41572338
0.38966608
0.39421016
0.39000738
0.41078076
0.41187504
0.4193218
0.39621782
0.4569791
0.39721677
0.41932365
0.40984172
0.43154436
0.3805285
0.42007613
0.41379184
0.42820418
0.40532097
0.4342034
0.38073927
0.43420276
0.40099365
0.41415817
0.38861674
0.45728126
0.39454305
0.42203116
0.41853115
0.42202958
0.38763267
0.45598796
0.40128118
0.41263917
0.39862224
0.44381893
0.41486427
0.46245235
0.42942575
0.46245214
0.40043786
0.45234638
0.41093835
0.41498852
0.38948992
0.3901681
0.4068748
0.43210107
0.37548155
0.4080525
0.35347256
0.39445683
0.3613647
0.40699893
0.37875053
0.43726778
0.3690685
0.38114762
0.39647242
0.38791293
0.40198514
0.40794936
0.39526188
0.41055867
0.38929436
0.40656048
0.38681337
0.4306924
0.39172202
0.4027744
0.35541266
0.40211093
0.40731087
0.4168778
0.37674317
0.39096004
0.41014665
0.41300976
0.39328557
0.4029595
0.42593217
0.400414
0.36028418
0.4532962
0.38992754
0.40698662
0.4038634
0.4340765
0.4041619
0.39164695
0.3601297
0.43816867
0.41397324
0.37243274
0.36647454
0.37717584
0.38818586
0.3848253
0.3708855
0.3940234
0.3943533
0.3729431
0.4029688
0.39651886
0.40849954
0.40751606
0.37620106
0.40435717
0.37800243
0.3873409
0.39270076
0.37488106
0.40367427
0.41794586
0.403369
0.40285656
0.3709868
0.41016594
0.38762212
0.39691758
0.388786
0.39991045
0.3758903
0.3954242
0.3966182
0.39991057
0.3743319
0.45361716
0.41114524
0.42264122
0.3876315
0.4897962
0.38275483
0.4746279
0.4001942
0.489798
0.42214215
0.4468063
0.39451864
0.4468043
0.40495253
0.41965312
0.38202658
0.41965434
0.42080745
0.38818392
0.3957219
0.44852164
0.3973539
0.42502657
0.40459085
0.4228852
0.3555653
0.43273404
0.41356912
0.38148284
0.35719553
0.43115968
0.37308243
0.39559227
0.39857253
0.3991411
0.37070036
0.39979243
0.38690385
0.42492872
0.36792088
0.47637227
0.37739226
0.38648987
0.40510428
0.3954331
0.37437302
0.36573476
0.34951946
0.38650048
0.42001367
0.4485926
0.4125805
0.39673525
0.36929226
0.38649997
0.3713139
0.38241082
0.38262033
0.40407616
0.3753795
0.40407532
0.39683148
0.43425962
0.42264462
0.3969229
0.39156672
0.454288
0.38867703
0.3960126
0.3732027
0.40182516
0.40754607
0.41075158
0.3999891
0.44787827
0.37753353
0.39976645
0.39099
0.3930508
0.40213725
0.39958045
0.37678677
0.4638553
0.38890356
0.42008185
0.41424072
0.3905767
0.38452834
0.46818116
0.3967911
0.41600055
0.39324826
0.4220003
0.38206595
0.38207647
0.35561538
0.39369398
0.41781786
0.41733962
0.39491883
0.41789177
0.38320747
0.41789147
0.4083351
0.4160893
0.425923
0.46703354
0.40835595
0.44441634
0.372043
0.44441676
0.3968805
0.4256546
0.40790555
0.4235484
0.41362607
0.4113333
0.40997243
0.40897623
0.40443486
0.41153607
0.4110745
0.40897512
0.4292089
0.42278013
0.42266122
0.42393085
0.36472997
0.43148023
0.41308668
0.41328466
0.38871184
0.40182084
0.40066755
0.3899002
0.4008889
0.44160515
0.44179177
0.5001712
0.40341118
0.42952552
0.381996
0.44926327
0.4048707
0.39810872
0.41312012
0.40776095
0.3853638
0.41943526
0.3918589
0.4197555
0.40823886
0.4114828
0.3606198
0.4114801
0.38751262
0.44431892
0.38409856
0.44432035
0.38911876
0.43802792
0.41183856
0.45223436
0.4025133
0.41096452
0.38990718
0.43802762
0.3800507
0.42664236
0.4079828
0.4671438
0.40133268
0.45010766
0.38273332
0.47728726
0.366668
0.43148568
0.40114805
0.43148524
0.3697574
0.39584434
0.40816402
0.39183414
0.3732574
0.42469054
0.38071677
0.3857304
0.40422547
0.40762565
0.3935119
0.39359182
0.39532214
0.40587515
0.39881092
0.3846686
0.35744074
0.40593988
0.4028282
0.38660088
0.37820294
0.40647206
0.42551148
0.39821675
0.40709868
0.3909401
0.4130622
0.39094067
0.39805275
0.40286276
0.3894521
0.44280028
0.39816216
0.41164747
0.38570088
0.4347315
0.39538848
0.3967748
0.407954
0.40142968
0.38994488
0.4080451
0.38826445
0.42099515
0.385681
0.40187266
0.38837686
0.40529904
0.3817028
0.41179115
0.42905703
0.4163409
0.40388766
0.41910684
0.40705886
0.42016447
0.43131885
0.43670878
0.3775485
0.41179085
0.38004014
0.40452093
0.41716635
0.40914705
0.40359667
0.41745207
0.3923133
0.42230895
0.37852857
0.40529907
0.39166448
0.42932805
0.40606007
0.40294853
0.3662653
0.40294936
0.398675
0.45535243
0.39138165
0.40204585
0.41215536
0.401945
0.37255123
0.39017946
0.35357323
0.39018154
0.36899394
0.4508782
0.41358894
0.43919203
0.4018347
0.422211
0.41687915
0.4198626
0.36623952
0.3994865
0.3964737
0.4355082
0.40743083
0.42635244
0.4124802
0.40828
0.407763
0.39831787
0.38952544
0.43559417
0.42952216
0.4398549
0.3998079
0.4355928
0.3789667
0.42422962
0.38330343
0.45854813
0.37804505
0.4090983
0.3972577
0.38050187
0.39398414
0.40323162
0.43874472
0.41410527
0.38905045
0.40421054
0.3871802
0.40322953
0.3988592
0.38559875
0.40581578
0.3741912
0.36809927
0.40920368
0.36581802
0.38473105
0.37200123
0.3825538
0.36984572
0.40920606
0.39475453
0.38740334
0.37773103
0.3884655
0.37336263
0.44024715
0.3747437
0.41297084
0.41384348
0.4397834
0.38638967
0.39650047
0.42155766
0.37411207
0.35583293
0.4421588
0.4085245
0.44855317
0.40928409
0.48833865
0.41538742
0.44446155
0.4358018
0.41758317
0.39812177
0.43976128
0.43227056
0.41556802
0.41033354
0.40905356
0.36454996
0.40515614
0.38454106
0.39399725
0.39486718
0.42389083
0.4179713
0.42589808
0.42827025
0.4697551
0.39269355
0.4573983
0.38591024
0.45739725
0.39226958
0.459412
0.40481886
0.38243493
0.39998206
0.3824342
0.38656417
0.45866802
0.41809258
0.446189
0.37832043
0.3999383
0.40125653
0.36530226
0.37751898
0.37579402
0.3926879
0.36530158
0.3740034
0.5272296
0.38964644
0.527233
0.39337018
0.42660493
0.37457442
0.4274655
0.38178992
0.39255172
0.40449786
0.41610628
0.38410002
0.41149956
0.3902463
0.41493818
0.39921823
0.411495
0.37850392
0.41149747
0.378097
0.4493131
0.37159866
0.42435217
0.38283217
0.40427744
0.40550599
0.40623048
0.38077593
0.37831143
0.39445722
0.45258102
0.40517887
0.40259647
0.39675987
0.42382923
0.38081148
0.3991743
0.3977759
0.46152133
0.42144695
0.37458882
0.38129678
0.40880778
0.36702096
0.3888691
0.41285172
0.40369293
0.3854844
0.41265312
0.39369014
0.4729251
0.3784485
0.38523692
0.39129943
0.44788554
0.4245881
0.37612563
0.377361
0.43401027
0.4169365
0.43963164
0.37322947
0.3848323
0.3718805
0.3697605
0.3748878
0.38702708
0.3777592
0.40513167
0.39134845
0.37564516
0.36885297
0.3672768
0.36463854
0.3609532
0.34708926
0.39618593
0.39249343
0.39735556
0.40789354
0.49190238
0.3964931
0.4919043
0.3815551
0.48075888
0.37636515
0.48075998
0.41009519
0.4181169
0.3724595
0.41811737
0.40475157
0.40963885
0.43994245
0.50928867
0.38991174
0.4637873
0.4172247
0.47062805
0.38697654
0.4113523
0.40271285
0.4113509
0.39405307
0.41678643
0.42963707
0.44698903
0.43339038
0.44459516
0.42738447
0.3979486
0.36906195
0.40074548
0.41339126
0.4342591
0.3975619
0.4274252
0.3912941
0.43264547
0.3815391
0.38387364
0.39548737
0.4228348
0.38186312
0.4208751
0.41496938
0.40371686
0.3759595
0.40634686
0.41021702
0.41133615
0.40118667
0.4063475
0.4122534
0.44106138
0.37140116
0.4271393
0.37184167
0.41655496
0.4172917
0.44755217
0.38892975
0.40767
0.33888128
0.40767017
0.38246977
0.39496762
0.37561068
0.45977795
0.4193062
0.39872986
0.3897623
0.39257026
0.38071164
0.40092936
0.4194322
0.363028
0.40272686
0.3987306
0.4250375
0.4103615
0.37267795
0.407329
0.40323842
0.41502818
0.35691735
0.41239548
0.44852036
0.41502905
0.3889227
0.44158396
0.38121748
0.4365037
0.3991717
0.41590828
0.3647058
0.4383952
0.37989777
0.41792563
0.39669776
0.41591114
0.37232023
0.46867135
0.38995785
0.42759857
0.38856828
0.38243502
0.3719576
0.374621
0.38201466
0.4607875
0.39409754
0.4393667
0.39569032
0.40748772
0.39379728
0.4019888
0.4173922
0.42919105
0.41518763
0.38421994
0.35156235
0.40748993
0.38671407
0.40448585
0.4166906
0.40651816
0.38483945
0.40527222
0.4135374
0.4321577
0.38416147
0.41573477
0.3758278
0.37429613
0.40207976
0.3800638
0.40064374
0.39456388
0.37067854
0.41493392
0.40751728
0.36833325
0.3888366
0.36833322
0.38283336
0.42011535
0.39759713
0.43922207
0.38258037
0.4362777
0.38585663
0.44835782
0.39614362
0.43121156
0.36210886
0.4375695
