0.42346185
0.37026024
0.42345884
0.3634154
0.47460634
0.42191854
0.48818126
0.3996147
0.4746423
0.4183649
0.49472433
0.41233584
0.38683355
0.40687615
0.42518327
0.42721167
0.42518196
0.3867884
0.44186047
0.43131688
0.45119652
0.3652407
0.44186002
0.41122106
0.47293848
0.3925318
0.4729389
0.42474574
0.43500984
0.41796643
0.4350064
0.3903583
0.40903655
0.39338797
0.42638364
0.42005333
0.4263842
0.41756484
0.42657605
0.41795895
0.4714218
0.39818153
0.45167708
0.41243955
0.47142363
0.37909725
0.46865565
0.38999382
0.46865344
0.37941882
0.48650122
0.42107135
0.48650545
0.3888074
0.48433715
0.40332425
0.5061555
0.3957485
0.50615853
0.43829626
0.4024924
0.35369647
0.4551126
0.3919389
0.45511246
0.38091573
0.40698758
0.4193005
0.406986
0.38309982
0.37713534
0.40583917
0.4587914
0.37343055
0.42050275
0.41025668
0.3883655
0.39518002
0.43161568
0.3847223
0.39219496
0.39178896
0.38303852
0.3948876
0.37680402
0.36798403
0.40384066
0.42323256
0.3808888
0.35428852
0.6041468
0.38062507
0.60414726
0.35629863
0.38840085
0.39853367
0.45233896
0.40843862
0.38840306
0.4237942
0.47594297
0.38518894
0.428885
0.40809026
0.42431435
0.40884867
0.43439153
0.43822065
0.40957904
0.40148753
0.39349532
0.40653408
0.42962462
0.4356266
0.44582924
0.4223263
0.43056217
0.41684678
0.40809563
0.40250254
0.3930633
0.39966795
0.43369433
0.40514088
0.4360004
0.4058843
0.40748513
0.41702446
0.380183
0.39612308
0.42392167
0.36064765
0.43518263
0.39973888
0.42297748
0.41745758
0.427922
0.39315578
0.413179
0.41110244
0.4349753
0.42150953
0.40935943
0.39045453
0.42535332
0.4139953
0.42361143
0.39836547
0.44338667
0.38545826
0.37871593
0.37406328
0.40652415
0.38840017
0.42725623
0.40055856
0.4253539
0.3939503
0.41828126
0.41372702
0.41951597
0.4264742
0.4328089
0.41522205
0.39988658
0.36568686
0.5168998
0.4041457
0.39988494
0.3670743
0.45260093
0.395261
0.4341027
0.42282236
0.42202544
0.42979354
0.43607613
0.4406147
0.417468
0.39966694
0.40122372
0.38591635
0.4171731
0.4225453
0.42243105
0.43064368
0.4174654
0.39545605
0.42722327
0.3781222
0.45111296
0.4240969
0.46094236
0.4497257
0.38233972
0.36554095
0.4470594
0.40878108
0.46754655
0.42148557
0.3832844
0.39051923
0.45651564
0.43053925
0.3866059
0.41448748
0.45198947
0.44137233
0.39834726
0.41591376
0.3983452
0.42094842
0.41428393
0.37151796
0.4142858
0.38002664
0.46589682
0.36608022
0.46589586
0.3944625
0.43173826
0.38070637
0.4349081
0.4243113
0.43490627
0.41112414
0.4686694
0.44474313
0.3788059
0.36393988
0.4273133
0.3657988
0.38305646
0.39620408
0.4534793
0.429221
0.4693022
0.4024381
0.46929947
0.38184175
0.43451133
0.4096982
0.41456383
0.40613604
0.44217816
0.4091074
0.44448504
0.37921828
0.43622106
0.38105556
0.38609758
0.38346297
0.41456604
0.42488447
0.46838382
0.40353096
0.41215172
0.41057286
0.46340963
0.42140007
0.38442197
0.40054902
0.41737476
0.41291794
0.42505357
0.4138827
0.47767243
0.4008531
0.425056
0.40112096
0.45446968
0.39868665
0.43710947
0.40723172
0.45561865
0.42763728
0.42701864
0.36264184
0.42702097
0.40415606
0.40458262
0.3983963
0.46553442
0.40809825
0.4384529
0.424178
0.43845075
0.40004045
0.47791475
0.4348921
0.41083282
0.4154958
0.46662432
0.4021965
0.46025032
0.4369355
0.46025148
0.42589384
0.46126044
0.38624197
0.4357968
0.40956232
0.40088636
0.419726
0.44742975
0.3998356
0.42590958
0.3698561
0.41168407
0.36480108
0.41259712
0.38429227
0.4601493
0.3714905
0.41087437
0.408705
0.39271134
0.42248902
0.41536185
0.37989402
0.42684922
0.40537837
0.42986995
0.39833724
0.44811898
0.41019467
0.41234574
0.35430196
0.43362978
0.4261353
0.42357808
0.36373624
0.38600934
0.41817054
0.43357384
0.38772333
0.39987975
0.4124621
0.41801184
0.388926
0.4806896
0.3811392
0.41173702
0.40754166
0.45120052
0.40308228
0.39743152
0.36524168
0.46189478
0.39797652
0.38814303
0.38850603
0.39964774
0.39821193
0.420252
0.39151746
0.4155621
0.41634363
0.36389866
0.39717495
0.42066082
0.42581007
0.4388477
0.3975927
0.42712635
0.38929236
0.39530346
0.40307274
0.4081801
0.42504245
0.41966492
0.40195268
0.40709534
0.38614067
0.41045225
0.3983631
0.42152652
0.38340026
0.4169967
0.38301188
0.39809573
0.40727568
0.41699588
0.38335204
0.4666675
0.40983182
0.42544767
0.40211803
0.50102216
0.4004719
0.46954882
0.41281107
0.5010237
0.41478473
0.4380893
0.40840238
0.43808734
0.4084793
0.4444329
0.39126796
0.4444357
0.41585237
0.41268718
0.4171754
0.44900063
0.41035315
0.41337663
0.41753927
0.42550218
0.36666653
0.4446346
0.42388535
0.38809377
0.34904265
0.45402437
0.3826389
0.39622208
0.40039593
0.39520675
0.3748723
0.4049722
0.38686195
0.4405589
0.3749783
0.49618155
0.36771584
0.38966602
0.3965282
0.3874366
0.36970696
0.35757238
0.36840665
0.37723514
0.43658406
0.46461403
0.4266572
0.39207676
0.39280427
0.3772342
0.35984483
0.37695843
0.39137667
0.4082514
0.38573337
0.40825126
0.39726534
0.42202425
0.4321936
0.41604093
0.4125431
0.45633394
0.40417904
0.40314162
0.40048185
0.38828763
0.40253732
0.44311205
0.4085983
0.45463344
0.3742692
0.40525198
0.41176552
0.4203151
0.4073277
0.4177105
0.38916114
0.47337738
0.40401477
0.44011417
0.41164863
0.3807997
0.38789234
0.47427595
0.41593093
0.44632322
0.39133
0.42012048
0.38623482
0.3795257
0.35895854
0.3936395
0.43029204
0.43807533
0.4016968
0.42311352
0.39047846
0.42311373
0.41688448
0.42103893
0.42823744
0.43113342
0.4155747
0.4475468
0.3666567
0.44754738
0.4222088
0.4275487
0.42683792
0.45237827
0.41471586
0.41819936
0.40923837
0.41769305
0.415063
0.4196001
0.40749478
0.41769147
0.42071822
0.44292417
0.43665844
0.43284175
0.37322992
0.42637113
0.40975022
0.40691832
0.41339248
0.3960648
0.4286194
0.39381656
0.38825274
0.4327681
0.4574889
0.5214677
0.4061752
0.45794544
0.3866926
0.46103013
0.42296213
0.4082467
0.42157602
0.42634997
0.38654885
0.4257205
0.40233555
0.44881618
0.41066143
0.43709007
0.3728713
0.43708715
0.40065345
0.4468103
0.39233893
0.44681147
0.39376807
0.4403918
0.4314923
0.45580065
0.390251
0.40182877
0.3906026
0.44039136
0.3960554
0.43807808
0.40506274
0.49195418
0.43094862
0.45643365
0.40613055
0.48426116
0.3846686
0.44760457
0.39942256
0.44760373
0.38473096
0.40338483
0.40023962
0.3964369
0.401597
0.420163
0.40096208
0.40618384
0.404679
0.41485283
0.4050877
0.37817696
0.4141489
0.42940056
0.4056508
0.39935142
0.37430495
0.41910958
0.3983085
0.39527664
0.37146425
0.41070715
0.42705512
0.39915636
0.41358316
0.37362117
0.39804572
0.37362143
0.4003664
0.41959107
0.39290488
0.4525158
0.38890362
0.40871066
0.37930283
0.4449235
0.39166504
0.4033681
0.4249945
0.40113956
0.40290475
0.42633134
0.39250088
0.43934205
0.39423063
0.41099915
0.3936195
0.4032111
0.3857148
0.41895092
0.4216961
0.4098226
0.39422804
0.41810864
0.41857266
0.43437263
0.4379949
0.44281244
0.3896744
0.4273129
0.39545053
0.42253324
0.4105823
0.43697158
0.40625018
0.41216686
0.40115726
0.42682314
0.38761574
0.40321153
0.39485213
0.43050727
0.4167257
0.4219592
0.3948827
0.4219594
0.42358235
0.4634738
0.40621382
0.38917494
0.40574682
0.40274346
0.3729041
0.3969134
0.35403633
0.3969156
0.37333503
0.47295147
0.40709305
0.45565003
0.43242332
0.43458453
0.43767765
0.43005976
0.3632886
0.4220866
0.39603773
0.44315118
0.40724972
0.43498477
0.40406796
0.426056
0.41962087
0.41190842
0.3906736
0.45800224
0.43226975
0.4540542
0.38232505
0.45799994
0.41218477
0.4249667
0.3795669
0.45842233
0.3759349
0.4280885
0.39545262
0.38996288
0.39592415
0.41304132
0.42526615
0.39147002
0.3898884
0.39645496
0.38249886
0.41304088
0.40225178
0.38791007
0.4046514
0.38083512
0.37202522
0.4056623
0.37193227
0.38377374
0.37062988
0.39745843
0.390722
0.40566364
0.38612646
0.38737267
0.3792153
0.40417364
0.40392298
0.4475857
0.39805275
0.4389844
0.42542014
0.46232578
0.40035573
0.42061818
0.43765068
0.38381264
0.3572064
0.4583805
0.4137275
0.4613464
0.4089732
0.5141604
0.4332363
0.46009588
0.4500158
0.44448286
0.40473485
0.43411377
0.43012917
0.41554916
0.40751642
0.40345287
0.37890095
0.4018223
0.39681908
0.40143555
0.4010271
0.43149066
0.42410764
0.436406
0.4434816
0.4764955
0.3917073
0.46532163
0.4090459
0.46532091
0.40559256
0.46399283
0.41831592
0.40736863
0.4004221
0.4073672
0.395985
0.45190483
0.44191992
0.4595023
0.3786359
0.40213853
0.40514937
0.3815302
0.38457337
0.38857555
0.4064955
0.3815302
0.39792314
0.5273894
0.40660983
0.52739227
0.40429598
0.4313828
0.39332753
0.42673078
0.39718568
0.40598166
0.41316193
0.44178164
0.4080152
0.425242
0.3943095
0.41285965
0.39825398
0.4267416
0.3692845
0.42674488
0.4076781
0.4540259
0.3764164
0.4296843
0.41070482
0.41188774
0.40805885
0.41816285
0.4017955
0.39155385
0.39687535
0.4482858
0.40509826
0.3938583
0.39365995
0.42156106
0.38337207
0.40364707
0.38579914
0.47594258
0.43468
0.3812319
0.38672605
0.41832918
0.35692084
0.38108903
0.40896803
0.40551642
0.39120245
0.39381605
0.39661232
0.4831061
0.37604105
0.38586873
0.37475657
0.4609796
0.43915835
0.38859925
0.3894226
0.4272196
0.4163399
0.45588228
0.39861342
0.40368405
0.37668285
0.38098213
0.37397143
0.40335447
0.41119143
0.42507264
0.3939408
0.38992268
0.37134987
0.38268477
0.37091362
0.38526046
0.36046448
0.4257913
0.39909604
0.4131885
0.39974138
0.5267245
0.39516333
0.5267272
0.38416967
0.48216304
0.3963046
0.48216477
0.42642108
0.42329448
0.37689337
0.4232944
0.39994982
0.40457302
0.45017213
0.5231106
0.39498428
0.48856214
0.42041636
0.47466573
0.40338993
0.4038634
0.40698496
0.40386215
0.38625318
0.4333314
0.4285813
0.45624617
0.43283784
0.46059152
0.40602028
0.4168116
0.37195513
0.42465648
0.41617656
0.45001853
0.41672564
0.4414238
0.3940949
0.4286024
0.39734137
0.4036421
0.40995982
0.43623292
0.40429133
0.44369116
0.44523978
0.4002035
0.3675525
0.40914053
0.42572966
0.41479868
0.3976591
0.4091416
0.418335
0.44384405
0.39593625
0.44176996
0.3739183
0.42922628
0.4424144
0.4619013
0.392628
0.42959276
0.35882154
0.42959258
0.393599
0.41996652
0.38895682
0.47323334
0.40232438
0.41771734
0.40933505
0.4032196
0.39216828
0.42366922
0.44697726
0.38417622
0.4198188
0.4177171
0.42319983
0.41783264
0.38343602
0.4213025
0.40688705
0.4153824
0.3686041
0.4269427
0.45890087
0.4153847
0.40280896
0.47209367
0.409666
0.44648516
0.4067306
0.41662973
0.37348282
0.45067722
0.3794006
0.4372131
0.40658066
0.41663346
0.39410165
0.46759826
0.42784256
0.43311644
0.40390152
0.40463072
0.3719378
0.3813421
0.38543254
0.46190462
0.40451175
0.43048432
0.3947446
0.39778817
0.40056628
0.41716063
0.41187584
0.42247877
0.40835226
0.38354066
0.3343899
0.39778998
0.3963541
0.41022593
0.42315963
0.4178066
0.38821217
0.4186833
0.4235655
0.44816098
0.38315934
0.40626404
0.3733293
0.37884545
0.4027697
0.38913935
0.44027194
0.39503798
0.37404233
0.40267232
0.40505382
0.37380093
0.39019156
0.37380022
0.39455166
0.43295246
0.40000442
0.43732086
0.38787198
0.44706073
0.40162924
0.4417921
0.3941456
0.4402329
0.37634674
0.46176612
