0.37705535
0.38373807
0.27433985
0.31562003
0.39294526
0.3909208
0.3048585
0.28965375
0.35413474
0.33290064
0.2953138
0.459172
0.40326807
0.30116785
0.30340222
0.35719308
0.34937784
0.29633197
0.29711795
0.51093525
0.31811142
0.2953264
0.39559972
0.37964457
0.29223827
0.29994667
0.48531473
0.3770577
0.3272706
0.29586414
0.38967597
0.46095255
0.3135319
0.33915132
0.47746226
0.3629866
0.28695682
0.30516285
0.39092034
0.3774705
0.2936958
0.3051547
0.48226842
0.49663723
0.30918044
0.30083025
0.35478833
0.32387674
0.44599625
0.3041579
0.36132392
0.5047861
0.31728014
0.32180652
0.3751391
0.37315035
0.3145395
0.29071987
0.44266123
0.31992084
0.3074221
0.38967976
0.35806772
0.29533082
0.29826435
0.42342782
0.40212572
0.32412422
0.29076135
0.38855705
0.3767317
0.31767184
0.32442865
0.4414493
0.44086963
0.31050533
0.33052495
0.40212664
0.41448557
0.2923422
0.35148844
0.4408702
0.42311254
0.33974797
0.32420978
0.34502107
0.3885549
0.27619442
0.30870584
0.45333946
0.35356438
0.30147162
0.29239306
0.47491768
0.3479613
0.3234091
0.31162333
0.34827474
0.4276595
0.3139374
0.3291425
0.33317998
0.43760675
0.3042371
0.27431464
0.34268612
0.34956884
0.29259932
0.32778633
0.46494028
0.34699914
0.30282372
0.3117113
0.47212312
0.4497924
0.32916027
0.30172485
0.4787569
0.45441476
0.33527413
0.30016515
0.35875216
0.35651335
0.32071847
0.30673215
0.46161795
0.35159028
0.32813516
0.3371286
0.50167006
0.34820944
0.31578228
0.30900058
0.4063622
0.41981316
0.29999697
0.35903072
0.38783202
0.35512748
0.34012842
0.30351162
0.3655019
0.3423986
0.32455713
0.30344987
0.34740707
0.3969259
0.3046956
0.3573069
0.3786918
0.36839983
0.31264085
0.32784837
0.36602524
0.3781847
0.32840884
0.29369923
0.37880138
0.36550236
0.3218416
0.35305825
0.38678375
0.38097778
0.2880266
0.29375318
0.36324722
0.3705295
0.33956555
0.35025635
0.42279074
0.38467026
0.3348222
0.30666965
0.4245777
0.36338186
0.3187085
0.3088662
0.3773338
0.41521135
0.3113546
0.34578237
0.38513824
0.37869254
0.31654856
0.36383197
0.46776503
0.4783677
0.34654328
0.32626468
0.47833195
0.47520372
0.2978707
0.30229896
0.4662566
0.48266557
0.30487725
0.31277952
0.48541072
0.4510174
0.3105903
0.27588764
0.4756826
0.42796937
0.3104698
0.3149219
0.483756
0.47568327
0.34197792
0.3219866
0.37487555
0.5080086
0.2785623
0.3228015
0.38836867
0.4735553
0.2979427
0.28624117
0.5186744
0.4264707
0.2899157
0.29589957
0.37731284
0.47442278
0.286939
0.29673284
0.36487496
0.40048122
0.3232731
0.29969266
0.38439468
0.47223058
0.30486208
0.30035096
0.5209258
0.47659904
0.29844803
0.32188863
0.4832814
0.38836825
0.3226081
0.30196124
0.49760187
0.52869844
0.27921328
0.32577324
0.5129078
0.38022983
0.3204052
0.2945174
0.41500053
0.3715988
0.26891887
0.40909687
0.46482065
0.2811532
0.28354323
0.49001637
0.3956853
0.29541212
0.31874195
0.35897535
0.36305487
0.30107456
0.30558917
0.37715882
0.54506826
0.29315057
0.30092755
0.5365192
0.36848825
0.3105406
0.2850715
0.35510197
0.36399987
0.30644694
0.299195
0.35500363
0.40253094
0.28703025
0.37334836
0.5114504
0.3110289
0.33220464
0.36425886
0.3861632
0.31512997
0.30451575
0.38099426
0.43720078
0.3070935
0.31031817
0.35172513
0.36027697
0.289018
0.29943126
0.43748236
0.363713
0.31644496
0.33125255
0.37823525
0.3720576
0.2978793
0.3108523
0.38962767
0.36857286
0.298158
0.28513226
0.36941007
0.5188086
0.28217903
0.28524184
0.38936597
0.52929217
0.29887164
0.27991506
0.38065547
0.37785855
0.27564904
0.3127081
0.36400008
0.40489748
0.28927913
0.39117965
0.35408926
0.3244093
0.3180269
0.38948718
0.37840268
0.32235762
0.2961744
0.48526624
0.39829957
0.31924742
0.31027228
0.44057837
0.32351154
0.29994503
0.38240844
0.37577978
0.30131158
0.3389141
0.43889898
0.38404715
0.29813957
0.299438
0.44293052
0.37515077
0.30557364
0.29909757
0.5081118
0.30410832
0.39830115
0.41337886
0.29742986
0.30117205
0.37646732
0.38948807
0.30495778
0.30710182
0.37399867
0.39257255
0.32077277
0.3237344
0.49797222
0.30333784
0.307461
0.36816654
0.31083766
0.4238552
0.46725425
0.3309344
0.32317635
0.42690378
0.42497435
0.29925638
0.33494452
0.42788994
0.41756946
0.3045023
0.35099995
0.4443808
0.44795716
0.29672176
0.31858313
0.4195336
0.41109306
0.2913587
0.2894437
0.4261488
0.42778635
0.2927914
0.29628062
0.42730197
0.41582775
0.3192761
0.33838305
0.42484117
0.42639202
0.36826882
0.30193502
0.41684648
0.40906247
0.2933331
0.32117975
0.41836932
0.41953328
0.30778033
0.30048275
0.43583792
0.42730173
0.32328618
0.3036488
0.4229478
0.4291429
0.3033156
0.30864865
0.45483443
0.42941147
0.36100778
0.3434638
0.46527714
0.4424812
0.31061798
0.30984643
0.48036295
0.48599076
0.3142476
0.37553945
0.50751185
0.5075132
0.3059818
0.3164298
0.44955075
0.45483682
0.32433656
0.30403954
0.44248277
0.4164647
0.31908187
0.34833086
0.56791866
0.56923735
0.39754564
0.28740492
0.55612
0.5576172
0.27384925
0.27928632
0.5495623
0.6117329
0.31935906
0.31734622
0.56923336
0.5679232
0.2788639
0.30202758
0.5622923
0.5844766
0.29654458
0.31267616
0.58447146
0.5561237
0.33177435
0.32126242
0.4037541
0.38896358
0.30015892
0.29800072
0.3502937
0.35441956
0.31156358
0.28093505
0.3965177
0.38695797
0.31476995
0.32695913
0.45934388
0.34548908
0.31303924
0.3212412
0.52764475
0.38664478
0.29682657
0.29758927
0.39126554
0.34599525
0.28695628
0.2962227
0.5038114
0.33424973
0.3262557
0.3062444
0.5097167
0.51430553
0.33017197
0.27985007
0.5097815
0.53065795
0.28976545
0.29347217
0.5405512
0.5409873
0.28178796
0.5124939
0.3477754
0.27061355
0.33838907
0.39614162
0.38432607
0.29278964
0.30405298
0.4025519
0.42114246
0.2912798
0.3243888
0.43132403
0.34780842
0.30780265
0.2674322
0.41426805
0.34832934
0.32188222
0.30159205
0.36435172
0.4090435
0.30581096
0.29100135
0.46171856
0.35068834
0.31302094
0.26026613
0.35318264
0.35924336
0.31376705
0.31562823
0.49641433
0.5279508
0.28014195
0.3012125
0.38984126
0.38884977
0.3024551
0.33245245
0.6010133
0.60027516
0.3207261
0.27815154
0.37694466
0.575873
0.29149723
0.34282854
0.55807364
0.39529666
0.29471752
0.32481337
0.5599741
0.57634073
0.27292365
0.30026266
0.3995009
0.39405158
0.30097303
0.30254233
0.40189427
0.39460257
0.3682727
0.31671995
0.40730566
0.3839115
0.32576722
0.3276271
0.39299878
0.4073056
0.29128954
0.36023372
0.38391167
0.38838565
0.33136722
0.28403613
0.42788613
0.401893
0.3005532
0.30129936
0.4522717
0.44714433
0.28007358
0.30493578
0.42815903
0.4453725
0.32086843
0.29941535
0.42102778
0.4474152
0.2849057
0.2962834
0.43033907
0.4649522
0.2860826
0.32571417
0.45044836
0.44040754
0.3150052
0.30188245
0.4404078
0.47352344
0.30734238
0.2764579
0.5180632
0.49660382
0.2979875
0.3263586
0.49247208
0.5048499
0.29920462
0.34744954
0.5102601
0.51837957
0.33885825
0.31653142
0.5014292
0.5107263
0.32445413
0.29803807
0.5048512
0.4728633
0.3635546
0.3137156
0.50131094
0.47194973
0.32822934
0.29364368
0.36696267
0.35326815
0.30630368
0.288642
0.35047048
0.3724521
0.29963797
0.305817
0.353995
0.35502267
0.2820656
0.30040044
0.43738377
0.42671767
0.32861665
0.29672518
0.34793043
0.41750062
0.2915032
0.2722265
0.34582815
0.3568656
0.28808895
0.30895397
0.36345336
0.35047072
0.3284254
0.3334825
0.35493496
0.3578958
0.3141319
0.30693522
0.36605746
0.3423936
0.31281346
0.30791786
0.36488435
0.41242942
0.3013862
0.35125622
0.39082998
0.35638958
0.3078017
0.32174852
0.33822906
0.44118756
0.32897165
0.3473706
0.355022
0.3569188
0.2859622
0.3185787
0.47330922
0.44403198
0.34077552
0.28784332
0.35187995
0.37035456
0.29376408
0.287318
0.5370045
0.34653664
0.27465758
0.28060642
0.35278234
0.47516719
0.33544347
0.3418929
0.35292065
0.32262203
0.34073594
0.35920066
0.4886318
0.4481452
0.2988362
0.30257908
0.46657994
0.45298958
0.3384742
0.32396302
0.44727778
0.4427524
0.33657813
0.30455932
0.49093556
0.49753138
0.32918808
0.33020547
0.45298856
0.49093446
0.32036433
0.32465538
0.44331712
0.46511203
0.30593923
0.3149704
0.48402599
0.4597628
0.32511997
0.29130596
0.3431752
0.49975932
0.29411283
0.2792984
0.35947937
0.35387117
0.29622838
0.30671832
0.45976424
0.47322735
0.2813827
0.31586757
0.49941102
0.45979446
0.29722935
0.28347945
0.42673886
0.4668355
0.2809245
0.294891
0.35774678
0.35049924
0.33614856
0.2941335
0.4707153
0.34959427
0.2883694
0.29171056
0.35917205
0.4554887
0.32001305
0.31243962
0.41953227
0.49332386
0.32086438
0.3120477
0.33822784
0.34624547
0.33361486
0.2967148
0.32373446
0.35006928
0.293845
0.29537132
0.43440378
0.47179735
0.32609066
0.3163829
0.43328205
0.41661948
0.29076654
0.3167754
0.35006872
0.33222726
0.3122835
0.30928788
0.3872026
0.32490885
0.29083955
0.31792766
0.35394564
0.45520383
0.2974084
0.2953937
0.40275672
0.38446563
0.31415015
0.30008733
0.33284706
0.34066328
0.3193043
0.3247687
0.36975092
0.3571593
0.31256378
0.3436601
0.35751656
0.3590752
0.3481695
0.30765188
0.42074266
0.3521851
0.3508125
0.33474317
0.34380326
0.34973466
0.35033196
0.31223717
0.3615028
0.3473939
0.31341127
0.29513738
0.34978524
0.3424379
0.34036112
0.3127465
0.38754368
0.3450277
0.3162131
0.3184143
0.37198752
0.35346875
0.3143418
0.31343377
0.38429943
0.3992785
0.3175477
0.3089982
0.34872293
0.35347584
0.30968598
0.3055614
0.34338093
0.36586723
0.32068995
0.30247685
0.3520158
0.46357876
0.32714975
0.318313
0.3509341
0.36286247
0.3374208
0.2976508
0.34243867
0.36114424
0.2905563
0.32719475
0.4735751
0.4638087
0.29172823
0.2949265
0.49173254
0.4590908
0.32180855
0.29949567
0.3524611
0.3690144
0.30826974
0.31613997
0.45180348
0.4995279
0.27582473
0.29795623
0.4922244
0.45332095
0.2958301
0.31633905
0.49369216
0.45015463
0.3036416
0.32712904
0.46078148
0.46342346
0.33042878
0.29859325
0.4679739
0.49222633
0.27543923
0.31694257
0.45613053
0.49075392
0.29586214
0.34003952
0.42910168
0.42602956
0.29599535
0.3088033
0.42250437
0.41637993
0.28628066
0.31369114
0.42602956
0.50388557
0.3223757
0.29800665
0.5971365
0.42910227
0.29809964
0.2979207
0.56541073
0.488091
0.28046125
0.3193971
0.45300788
0.43747425
0.2926171
0.28167272
0.43351364
0.43395603
0.30070704
0.31224054
0.47985092
0.4532994
0.32047915
0.3041598
0.4532881
0.44673398
0.28922513
0.2978307
0.46953967
0.44260716
0.3007643
0.30855745
0.457397
0.44188383
0.29807398
0.30014318
0.44188458
0.47985327
0.33187097
0.29763424
0.44725063
0.46890607
0.3211592
0.3199464
0.42572698
0.4531077
0.29422906
0.3231987
0.4209289
0.42686337
0.3266333
0.3187634
0.4833015
0.45851433
0.32301036
0.32479858
0.4597911
0.44725096
0.33804438
0.31519318
0.5290068
0.49735594
0.3168904
0.31828296
0.47513455
0.40257078
0.29433417
0.3268973
0.4441948
0.47513396
0.29679593
0.294851
0.4460603
0.46691808
0.30279493
0.35945728
0.47250926
0.46393108
0.3550233
0.27963427
0.49025923
0.44730598
0.32313803
0.347471
0.41026548
0.42174113
0.3514398
0.30856657
0.47098884
0.33898222
0.4023615
0.50442713
0.31884208
0.3026867
0.46299344
0.33625972
0.3062165
0.48116904
