0.4126299
0.4755803
0.32212436
0.3339073
0.44041634
0.4264186
0.3588054
0.35662422
0.41175705
0.4125267
0.34463134
0.3655626
0.4384552
0.3992576
0.37373412
0.3367747
0.44735816
0.39193487
0.30879894
0.32142127
0.43204373
0.3928693
0.34882623
0.33992037
0.41448304
0.45798156
0.32489258
0.3231304
0.4094913
0.4331499
0.37322062
0.3377065
0.41504315
0.4385922
0.35562375
0.3746622
0.43377805
0.473003
0.3373271
0.3374693
0.3838272
0.39746347
0.34536633
0.28604683
0.4385915
0.43845478
0.3456607
0.3151667
0.46707284
0.41701704
0.36619708
0.38258994
0.47144577
0.4218953
0.33568987
0.29160637
0.42346063
0.42340133
0.33479482
0.3618048
0.47379732
0.4917853
0.28171518
0.3647979
0.46693864
0.49705735
0.36063087
0.3393747
0.4857951
0.44852296
0.3470564
0.30628785
0.43419737
0.45177263
0.33599383
0.30801246
0.47825587
0.48907655
0.35376492
0.3362084
0.46706963
0.42875636
0.337348
0.35949612
0.4282261
0.45710728
0.39324307
0.38705295
0.43326005
0.44852716
0.33937925
0.3165613
0.44515625
0.41566065
0.37569365
0.32143813
0.4009579
0.5294774
0.32677755
0.3725492
0.4232521
0.42252064
0.34459034
0.32434633
0.43384758
0.5323661
0.27327177
0.29402876
0.39487815
0.4421969
0.3117216
0.32663852
0.45564795
0.4023337
0.36817876
0.31046987
0.4468844
0.44095573
0.33022922
0.3411409
0.44973937
0.39621347
0.32435974
0.33249426
0.42127284
0.36896664
0.3238946
0.31884095
0.4689278
0.49866834
0.35736126
0.28707665
0.4215049
0.46227446
0.34594116
0.3118036
0.4184349
0.4275398
0.3234151
0.3440893
0.42071488
0.42007
0.2926852
0.3636543
0.40258512
0.38840932
0.3281192
0.3186149
0.37517264
0.38736084
0.2831678
0.3375376
0.38840938
0.41902232
0.39723623
0.32091117
0.450716
0.5219112
0.40071806
0.31354332
0.4172728
0.51209784
0.28918234
0.34542435
0.43120116
0.44246966
0.30877507
0.3146459
0.44339603
0.4284449
0.36414307
0.28083065
0.43788508
0.40353405
0.28225118
0.36243746
0.41936204
0.41756588
0.3745842
0.31837922
0.433382
0.42301106
0.3258929
0.32348898
0.42941174
0.38828224
0.34086508
0.33096257
0.43086955
0.41423646
0.38610312
0.33961838
0.42523006
0.45023948
0.3801189
0.36605656
0.4280188
0.46399334
0.3399973
0.30093557
0.42468125
0.4192457
0.3166667
0.3066115
0.39536408
0.41186705
0.31059608
0.364974
0.44088966
0.44538644
0.33107117
0.3554883
0.40752956
0.43485385
0.33278382
0.3366811
0.44671857
0.40325865
0.34078306
0.39873016
0.4583759
0.4231259
0.34953728
0.31901792
0.47183552
0.49664864
0.3151274
0.32894218
0.45499232
0.46806157
0.38875967
0.314144
0.37841067
0.3679894
0.32257298
0.33766833
0.45252627
0.47795722
0.30506185
0.3386109
0.41931835
0.42204708
0.33803082
0.30129647
0.47585404
0.47996268
0.3113767
0.32424217
0.4697124
0.46550092
0.29484528
0.32008487
0.43378407
0.43535233
0.33667755
0.3259978
0.48101053
0.42558792
0.31882197
0.32060957
0.47120276
0.5389733
0.31289288
0.32363343
0.4423636
0.41189408
0.3193489
0.30989084
0.5102172
0.4333233
0.30870593
0.34075975
0.46682155
0.42912066
0.32864428
0.32724652
0.4518867
0.4697131
0.32223448
0.33287442
0.46017918
0.447101
0.33566713
0.30329683
0.48681685
0.4922774
0.29364467
0.32543665
0.43387362
0.44598866
0.30986804
0.29102874
0.45087695
0.48120913
0.32479867
0.3104772
0.4459891
0.46111146
0.3299568
0.30398208
0.35008737
0.36636126
0.28988287
0.33175582
0.4501299
0.4846445
0.2931269
0.29182056
0.3724781
0.36864984
0.3183482
0.3233974
0.37596104
0.38604173
0.33831316
0.3096457
0.36422753
0.3659248
0.3107714
0.31284663
0.40495777
0.47149372
0.30933362
0.30897862
0.3837861
0.38734576
0.3309513
0.3563966
0.35113975
0.38966736
0.30411315
0.31584197
0.45468584
0.37928876
0.31226954
0.31396675
0.39993912
0.4073016
0.3128357
0.35451597
0.38985768
0.45330268
0.3553426
0.34671
0.39690748
0.41286933
0.2912829
0.3919673
0.3770187
0.37376988
0.30329636
0.30609754
0.4195359
0.36763793
0.3457415
0.3024391
0.3887766
0.37701812
0.29070535
0.33588043
0.54197264
0.43566322
0.3122679
0.31422833
0.39241105
0.55577934
0.30070734
0.28722125
0.47604117
0.4440726
0.30995214
0.329848
0.41863123
0.39240932
0.31884697
0.32783332
0.4377673
0.43612796
0.34052563
0.31572208
0.48487046
0.4930226
0.3323004
0.35089117
0.43286163
0.43658027
0.34076047
0.35316697
0.44103053
0.45490152
0.3136562
0.34960938
0.4764782
0.40587512
0.32972413
0.32696798
0.47550198
0.42414442
0.31913325
0.35827857
0.4019473
0.41664016
0.33632708
0.30903232
0.44447958
0.37843433
0.32842314
0.29988977
0.40207356
0.45733535
0.30521873
0.36443478
0.39052325
0.4037569
0.30867535
0.2995181
0.38648418
0.5313263
0.30257022
0.30568635
0.49572378
0.35860926
0.29959738
0.28202125
0.41798368
0.37000805
0.30456182
0.33888343
0.35822728
0.36329406
0.34774506
0.30887598
0.34304556
0.4566991
0.3217641
0.34553537
0.37888777
0.488505
0.33403638
0.32865393
0.38204145
0.43150666
0.3449794
0.31075037
0.48850524
0.38585407
0.31555894
0.29838455
0.36443877
0.36533737
0.32449377
0.3458128
0.39495325
0.39587668
0.31054798
0.34236136
0.38838392
0.43757114
0.3448801
0.32368365
0.42252496
0.4387508
0.3345176
0.32149005
0.4008341
0.38318026
0.32877645
0.30138388
0.38077593
0.42623186
0.30596146
0.31991202
0.38375428
0.42542002
0.32581308
0.30180487
0.39019954
0.385843
0.34143803
0.32407498
0.48675257
0.44683287
0.34218496
0.28061962
0.4401904
0.5026488
0.34467554
0.32490018
0.43176222
0.50163877
0.3033678
0.3461383
0.44058946
0.41111398
0.369388
0.3375899
0.46993813
0.40941527
0.27965656
0.3047619
0.47915643
0.4912349
0.38384745
0.35622722
0.4680259
0.428547
0.3128462
0.3516925
0.43147963
0.3694106
0.29861024
0.32812944
0.45065174
0.5103523
0.31933078
0.32820833
0.4075119
0.45477942
0.3566819
0.3625937
0.46231797
0.4728584
0.30816758
0.3351721
0.4578605
0.4337294
0.2817046
0.3589313
0.4485946
0.42989147
0.3158992
0.39008203
0.40044674
0.40751222
0.37935373
0.33744687
0.48914683
0.43350473
0.39879915
0.3182964
0.37195978
0.3754733
0.25574067
0.2698078
0.3763748
0.51465285
0.29627663
0.29695946
0.38458094
0.4479403
0.2659058
0.27064797
0.41960278
0.4146844
0.3009822
0.28593358
0.42760265
0.48072848
0.31120804
0.2920833
0.3624379
0.41756797
0.26446253
0.28970176
0.43035522
0.34598163
0.2946933
0.31812334
0.50933063
0.5104424
0.2953476
0.27999362
0.38696253
0.45852536
0.31268296
0.33001202
0.4410177
0.40097865
0.2936845
0.28109822
0.38992307
0.41544947
0.28259847
0.2845665
0.48542657
0.43553644
0.28585312
0.28008717
0.4154502
0.46524772
0.3107584
0.3169016
0.43528655
0.39307198
0.28152293
0.2781773
0.40097964
0.36487818
0.30720982
0.30817586
0.44375333
0.40273815
0.30479285
0.31802577
0.41019782
0.4154594
0.31628284
0.31006843
0.40052134
0.38987166
0.33935684
0.30160826
0.3540292
0.42597067
0.34331793
0.3496369
0.44947267
0.4039136
0.3302239
0.31511375
0.5121226
0.42726302
0.29260272
0.30046526
0.38309625
0.5014925
0.34640318
0.3181904
0.41410103
0.4611101
0.33762667
0.31804803
0.39942253
0.45359233
0.3143085
0.29610562
0.43902367
0.394674
0.31348023
0.34475875
0.45794004
0.36038375
0.34144077
0.33665344
0.40974036
0.4468845
0.29524243
0.2893847
0.43054676
0.44488356
0.33702874
0.3247949
0.38261312
0.4352856
0.3361127
0.34129563
0.39992723
0.40358555
0.33554786
0.3467554
0.46537688
0.42501876
0.3273141
0.30063793
0.46793035
0.42690828
0.3627576
0.31642166
0.4269135
0.5072926
0.3409206
0.33554313
0.47574338
0.41270655
0.36073756
0.3159145
0.43869558
0.43280485
0.3113063
0.3631559
0.43160224
0.4220109
0.27586743
0.29547337
0.44601315
0.428022
0.32273152
0.33489162
0.39626706
0.4206158
0.3292629
0.33423546
0.37984172
0.3871873
0.33001333
0.36103475
0.52346617
0.39262345
0.34150395
0.35164696
0.39673534
0.45443684
0.35554367
0.289225
0.4473654
0.49335176
0.31565368
0.2908423
0.42749378
0.50627714
0.34371176
0.2977545
0.46996602
0.42263705
0.3194065
0.37202266
0.47961104
0.4228356
0.32437512
0.2764128
0.4786371
0.42391732
0.33194095
0.34074453
0.4652368
0.46015978
0.36175296
0.29153
0.4354146
0.4121151
0.31201315
0.31264582
0.4121152
0.42831895
0.3431769
0.31104
0.45519635
0.42236164
0.35830313
0.29390028
0.4259091
0.4082499
0.38313025
0.35832512
0.42468223
0.4563002
0.37403652
0.33193615
0.39986303
0.40397158
0.3442014
0.34042662
0.4455972
0.3931174
0.29385802
0.33827627
0.41882968
0.45424795
0.37160376
0.35819986
0.44318113
0.40963185
0.33937624
0.34867585
0.40127665
0.4431807
0.37270358
0.31072012
0.4437633
0.40897128
0.33119968
0.36739668
0.41667315
0.38854733
0.33160794
0.36803564
0.4711739
0.43576413
0.31028005
0.35329184
0.44578388
0.44486597
0.32384622
0.31115904
0.4042564
0.43237296
0.3271111
0.35612953
0.43383628
0.44326586
0.33609712
0.28336108
0.40913644
0.43324682
0.37035355
0.35755005
0.4528159
0.46942237
0.35933107
0.29722428
0.3578738
0.4075211
0.2939627
0.32008183
0.3824971
0.41141173
0.31186983
0.37255216
0.4104802
0.40842396
0.31203565
0.3647668
0.46542594
0.38468903
0.343267
0.31152612
0.4830266
0.3951737
0.3345602
0.3156675
0.47871515
0.40228963
0.36680663
0.3165097
0.44685316
0.38596207
0.34620786
0.3582231
0.51931936
0.40171564
0.33734193
0.3277281
0.37801233
0.35787338
0.3268069
0.33964896
0.41462538
0.45221728
0.31188455
0.38717872
0.46587807
0.4597238
0.3191267
0.31200862
0.42302746
0.41260305
0.3419142
0.34778917
0.48086527
0.4742799
0.29706746
0.34836683
0.42126265
0.3939211
0.29810163
0.33817357
0.4437198
0.4668831
0.29819185
0.30880314
0.479948
0.46843216
0.32497922
0.30377945
0.44841295
0.4492293
0.34581435
0.3076864
0.4776017
0.469145
0.3199736
0.3419078
0.45975092
0.42126426
0.3231036
0.3600262
0.46379623
0.4582052
0.3201466
0.31762877
0.45736876
0.46712926
0.31324628
0.3095847
0.45612255
0.48199132
0.3135852
0.30493072
0.49347457
0.47064215
0.30203736
0.32460532
0.46843347
0.43117386
0.30878174
0.32732207
0.49059126
0.4393018
0.29869354
0.34108675
0.37350896
0.48815295
0.2947384
0.31114435
0.49198893
0.4319092
0.3179743
0.2976767
0.46474004
0.43191108
0.29683834
0.3265831
0.46485645
0.4338284
0.3282082
0.30225745
0.4550582
0.38553953
0.3072582
0.3106061
0.38407254
0.4180097
0.30778778
0.29652223
0.37025544
0.47285497
0.28681093
0.31857586
0.43692306
0.43033084
0.30480522
0.37128216
0.45357808
0.47223058
0.3177304
0.3267078
0.4157786
0.43316215
0.31909433
0.30855337
0.41906664
0.41620097
0.36522862
0.3077019
0.43763682
0.45474726
0.2784955
0.30579144
0.43296614
0.45258278
0.37455693
0.3246228
0.44992825
0.38407242
0.3082646
0.3064652
0.40494105
0.4097051
0.33910203
0.33208594
0.3600597
0.47858843
0.29201233
0.29431292
0.53286314
0.37390926
0.29608274
0.2975784
0.43857136
0.3661512
0.30511472
0.31215522
0.4104168
0.4281876
0.33218336
0.31613362
0.3878856
0.4682595
0.30877194
0.35444108
0.37492415
0.46627882
0.3195914
0.30545822
0.44506684
0.38184515
0.30427858
0.31449053
0.3735508
0.41041747
0.33016497
0.30602494
0.38672927
0.54298276
0.36061192
0.3123744
0.42771
0.3645715
0.29267174
0.32705855
0.37300757
