0.3814406
0.38067308
0.2948438
0.29861468
0.39879757
0.38166288
0.32556134
0.32832715
0.35475692
0.4306498
0.31669378
0.31780875
0.40124643
0.3874355
0.34044337
0.3323207
0.42212066
0.37366882
0.32766065
0.32453486
0.40391493
0.3590582
0.32263824
0.3457147
0.4334413
0.36365303
0.3189697
0.3646136
0.39663252
0.3194969
0.35332993
0.36356583
0.41727093
0.3218196
0.31039044
0.36694303
0.39243793
0.34524196
0.34452525
0.37720284
0.38074052
0.32484576
0.30767497
0.43310338
0.41484803
0.37513587
0.3149422
0.42264006
0.44819894
0.33430845
0.3423863
0.37917838
0.39113128
0.31486848
0.32813564
0.37690154
0.46218655
0.3395215
0.40510735
0.5101373
0.3579487
0.32851332
0.37511852
0.41483635
0.34102085
0.36265898
0.39296898
0.33123118
0.31776515
0.40926906
0.5094374
0.3154128
0.34043664
0.36697385
0.3765652
0.30631018
0.33293915
0.5823554
0.5418295
0.32856297
0.34726667
0.38529745
0.37353182
0.31273222
0.3230897
0.41492856
0.41802508
0.31520247
0.3536159
0.4075591
0.37520704
0.33031923
0.3224075
0.40069395
0.39425787
0.3144066
0.32901475
0.37346148
0.40755886
0.32112917
0.32130975
0.35808158
0.4362274
0.3257811
0.3191844
0.44075093
0.36694282
0.31894264
0.32863605
0.37541264
0.38793397
0.32028177
0.3377022
0.3809474
0.43187937
0.29775786
0.32468042
0.38527733
0.42274234
0.32390985
0.33752072
0.5192158
0.42743742
0.32266656
0.36187574
0.38108522
0.40178373
0.32133982
0.3194465
0.4067801
0.42732245
0.3044845
0.31929213
0.43554097
0.4271985
0.3417568
0.33005747
0.3651967
0.39624912
0.3227203
0.34060577
0.36356762
0.3498559
0.35961667
0.3130627
0.37129912
0.39737958
0.32997793
0.3252811
0.44884953
0.41438797
0.33986393
0.32823637
0.36008132
0.35820627
0.3312875
0.35379165
0.38648587
0.3901176
0.4000767
0.31674308
0.3582056
0.38159966
0.3139842
0.38328618
0.39056823
0.3468541
0.34367225
0.4025318
0.37672672
0.3525596
0.32326427
0.3664593
0.36827734
0.36132452
0.31567398
0.38524684
0.378617
0.3446613
0.35926187
0.39768
0.38455528
0.3704684
0.35092995
0.36662674
0.38491958
0.3456077
0.3364311
0.43560594
0.39686972
0.31745672
0.30247733
0.45739052
0.41661203
0.31003606
0.3674356
0.40193328
0.40463683
0.2874872
0.32805017
0.37226224
0.41887757
0.33501327
0.37561935
0.41092137
0.34166476
0.31134298
0.37704554
0.48028973
0.30610287
0.33208722
0.40014288
0.40645158
0.37157187
0.30841026
0.35537317
0.42664966
0.29432788
0.31672087
0.36814553
0.42804262
0.34012386
0.36582324
0.38092414
0.4193639
0.32052532
0.35359582
0.38651082
0.41951314
0.33455285
0.32657555
0.39439365
0.4273788
0.29531616
0.31212455
0.3797377
0.39246696
0.3427588
0.3154704
0.46479845
0.43274993
0.3163817
0.36528555
0.3920409
0.41660118
0.31503907
0.39604878
0.40951434
0.35928088
0.31778315
0.4185055
0.40486658
0.34107116
0.32019377
0.4495619
0.39990517
0.35839126
0.31059813
0.38700005
0.34313905
0.33886614
0.3357792
0.37420028
0.3550839
0.2976552
0.39378598
0.34551415
0.32060012
0.3157338
0.43051296
0.38363507
0.31443328
0.33822697
0.41117847
0.37765974
0.32548892
0.31542113
0.3829078
0.3651278
0.3376806
0.3698701
0.4387991
0.43966404
0.33455014
0.35141352
0.4377066
0.4027092
0.36228707
0.34376198
0.42524856
0.3780079
0.30583403
0.3416762
0.411756
0.40686432
0.35519978
0.35290352
0.40238613
0.40386853
0.36682725
0.34386352
0.39840898
0.40108532
0.315533
0.38455552
0.35405016
0.42820102
0.44097254
0.30463699
0.35879517
0.38970762
0.45579162
0.31006816
0.31764928
0.413333
0.38752252
0.30213228
0.30081514
0.41685408
0.49860618
0.325955
0.31658447
0.48245376
0.38153782
0.32436788
0.33080178
0.3917513
0.42161143
0.37931746
0.31370527
0.47920007
0.5027314
0.30983827
0.406809
0.42206872
0.35583803
0.31226635
0.40994096
0.44974867
0.32605082
0.3321204
0.44432485
0.38575444
0.35167608
0.34547994
0.44083884
0.38474733
0.3539329
0.33052203
0.40001228
0.44321948
0.38771623
0.33194914
0.4005673
0.47333983
0.30944228
0.3493339
0.37210873
0.47889924
0.37371674
0.30618164
0.39878565
0.3683787
0.29499662
0.32774463
0.43696883
0.41529468
0.31105396
0.34453171
0.44492656
0.4526
0.2989899
0.34456208
0.43533713
0.38478512
0.33948258
0.3829843
0.40612096
0.38057822
0.35683605
0.30428714
0.46069378
0.4542149
0.36003655
0.37794867
0.46893984
0.37216172
0.30727544
0.3577892
0.5016998
0.43733284
0.37881064
0.3477912
0.42998242
0.4672569
0.3121731
0.33612093
0.43999517
0.38951936
0.315239
0.3452348
0.45119682
0.43999383
0.3887055
0.33151662
0.41926947
0.430453
0.30535516
0.31805834
0.42809427
0.43262216
0.3690705
0.30510044
0.4979117
0.4286813
0.3486468
0.36310878
0.4112965
0.45787546
0.3130836
0.3152438
0.46631736
0.36218712
0.31462932
0.36934578
0.423585
0.31341493
0.32093394
0.3970546
0.44699144
0.3562317
0.38948023
0.38024992
0.36198008
0.3528702
0.49142516
0.42382643
0.36501244
0.34492847
0.37763882
0.38305628
0.301496
0.31299827
0.41464564
0.44071767
0.3439335
0.313706
0.44622344
0.42449588
0.35585123
0.33937827
0.4146624
0.3812929
0.29783115
0.4136687
0.39941156
0.353038
0.32327548
0.46459025
0.43202654
0.34106693
0.33070776
0.40949124
0.3783919
0.37918267
0.33793935
0.41936323
0.45152768
0.37931412
0.35092306
0.412318
0.40424106
0.32356462
0.4379188
0.4273775
0.3236205
0.32556114
0.4472619
0.3797346
0.32393533
0.31511772
0.38292488
0.38452026
0.32074547
0.34513423
0.45513985
0.43484217
0.35204148
0.3653523
0.4341297
0.43814588
0.34786364
0.34182754
0.39538357
0.44138506
0.35759717
0.32037836
0.36926392
0.431622
0.29278353
0.34784064
0.4138307
0.35013795
0.32851753
0.36874357
0.37914333
0.34985852
0.3321637
0.3925211
0.38368106
0.33454186
0.34311682
0.37884519
0.3907438
0.3160681
0.3497014
0.38931757
0.4009054
0.33995718
0.31901097
0.40090537
0.31085756
0.38815507
0.3687446
0.35573626
0.34018162
0.39872947
0.3637767
0.3464322
0.32725388
0.3935632
0.39873084
0.37638876
0.30035555
0.3996352
0.37275678
0.31604528
0.34755954
0.4076449
0.40689707
0.30710748
0.35917604
0.42101628
0.4077794
0.32610333
0.31302622
0.42421538
0.4217545
0.30655038
0.3467108
0.43522778
0.4167321
0.33442584
0.40262175
0.44912222
0.32490125
0.2997085
0.398466
0.4248334
0.35976738
0.31260812
0.389659
0.39759097
0.30854672
0.33893454
0.3748785
0.3835674
0.3388945
0.32897314
0.34007353
0.38432464
0.31495008
0.32191554
0.3742208
0.39037845
0.36276624
0.3450832
0.3573847
0.36249232
0.35087827
0.35649985
0.3624935
0.3497601
0.3712941
0.3734116
0.37672746
0.3834237
0.35095817
0.39337248
0.38745412
0.3457183
0.33262938
0.36344755
0.35762668
0.35931912
0.32821667
0.39558366
0.3941978
0.34117585
0.33970216
0.40176418
0.39462343
0.30806053
0.3405246
0.4057148
0.40176392
0.34674385
0.35231802
0.45360816
0.47284302
0.3075817
0.44647437
0.4171984
0.30659908
0.3361911
0.41227707
0.48525628
0.31032136
0.33196557
0.4152043
0.47467148
0.33125684
0.36086318
0.380782
0.45360902
0.3614574
0.3661531
0.41256347
0.42453635
0.37230495
0.32253748
0.4245375
0.44647565
0.3328977
0.31983364
0.4216102
0.41520444
0.33868748
0.35913056
0.4787706
0.45469263
0.3928634
0.31768438
0.44993332
0.49955812
0.35053363
0.30011174
0.46474138
0.4467553
0.32513463
0.32525715
0.44586626
0.48306793
0.30525747
0.3144996
0.3512045
0.34029856
0.32664198
0.37730485
0.32043296
0.3538626
0.37247297
0.32874292
0.35120338
0.39285368
0.32034865
0.3526924
0.43364668
0.38006744
0.31231555
0.40897328
0.4047331
0.32903132
0.30871344
0.39190397
0.3999102
0.33426052
0.30014253
0.4127366
0.4007626
0.31530532
0.35586405
0.42009458
0.46894157
0.337938
0.35655844
0.46894288
0.44749048
0.3252297
0.33013773
0.40380445
0.39311358
0.31346384
0.36075202
0.41268495
0.42003173
0.32600054
0.3101318
0.40633607
0.4313549
0.32565075
0.3678444
0.39311352
0.42787123
0.31936774
0.33511147
0.40498278
0.45296302
0.33025783
0.32689226
0.48612422
0.4711132
0.32132506
0.3317006
0.34752494
0.368503
0.41686326
0.3456627
0.31377825
0.31153303
0.3986389
0.30106822
0.32820833
0.39299732
0.38038337
0.30027267
0.33990577
0.4394661
0.3353726
0.34639862
0.32209566
0.41408858
0.45229
0.29494524
0.30442435
0.44752944
0.44691342
0.33719745
0.34995368
0.39015338
0.39679217
0.34338373
0.34282684
0.37582454
0.47062266
0.3321404
0.3269888
0.49891338
0.3923674
0.33301902
0.32236803
0.48071265
0.39741006
0.38011956
0.37759838
0.39388034
0.38929665
0.34594944
0.31815553
0.3875811
0.37582368
0.31413773
0.2831928
0.3902669
0.39558542
0.3184312
0.3246588
0.40420356
0.3938802
0.32389015
0.3051381
0.41753346
0.4124745
0.34602815
0.34282154
0.40603313
0.4531224
0.35089985
0.35744575
0.46774334
0.47259903
0.38026336
0.39948544
0.457811
0.3288304
0.32344767
0.4124488
0.40266278
0.33151734
0.32166
0.45781124
0.41572693
0.32908827
0.40266275
0.4212435
0.33931735
0.37859377
0.40752164
0.39853513
0.36372045
0.34188113
0.41524646
0.3859402
0.3302791
0.33405662
0.43597478
0.4574688
0.34298635
0.3648907
0.49075118
0.47157392
0.3355062
0.34581384
0.46177995
0.4211738
0.3770531
0.31819814
0.45914295
0.45482108
0.3235695
0.35893592
0.46601668
0.43517286
0.36599013
0.4971747
0.41461974
0.33824322
0.31776693
0.40678495
0.4192228
0.31446713
0.3302743
0.46457115
0.44535515
0.3937546
0.3161741
0.46643516
0.4241971
0.30791166
0.3595604
0.46334308
0.42639393
0.34488118
0.29545975
0.40572754
0.42932838
0.36002937
0.32865542
0.42914864
0.4658215
0.31258872
0.3365631
0.45365632
0.45480746
0.36559585
0.3864297
0.44335994
0.41366383
0.35836768
0.32082507
0.431413
0.46015757
0.3449146
0.31922185
0.48352486
0.48771885
0.33593985
0.37386093
0.39917588
0.42984557
0.35029593
0.35529616
0.44739127
0.40160978
0.33298427
0.33083695
0.48066726
0.49733493
0.30415627
0.3419238
0.4406862
0.54817545
0.31840923
0.32367322
0.49166614
0.42648247
0.33275244
0.33247018
0.4811132
0.40949154
0.34166384
0.3295776
0.497914
0.4307883
0.33058667
0.36500472
0.49051145
0.43323442
0.3397988
0.35907
0.42041585
0.46384504
0.33615845
0.3604058
0.42222902
0.4000186
0.3543655
0.32640114
0.42397952
0.50798243
0.36473942
0.3257786
0.41456994
0.5507799
0.37011522
0.46069807
0.44505423
0.3115807
0.3279877
0.43892416
0.4585574
0.34362635
0.33218816
0.47767198
0.41866583
0.3240296
0.34211868
0.41082847
0.4421309
0.32917762
0.34689167
0.43935847
0.46895158
0.3056652
0.32499456
0.4558507
0.40625492
0.36652768
0.31769407
0.43506232
0.44579384
0.3203087
0.3601309
0.43915173
0.4478689
0.32113743
0.33050817
0.4326319
0.41416517
0.3222997
0.31711754
0.41488254
0.5154029
0.3367706
0.37342092
0.44661316
0.44857696
0.32811847
0.33350506
0.43712604
0.4435067
0.34374085
0.35694447
0.42178047
0.48008764
0.33635294
0.3517243
0.43624493
0.40055972
0.36388206
0.30112892
0.44716167
0.42489773
0.3486458
0.33646554
0.47921458
0.44466373
0.30924022
0.42067754
0.46106443
0.3508963
0.34299457
0.45084694
0.43348157
0.34199864
0.37972787
0.4126609
0.48744604
0.32300025
0.35208437
0.39832208
0.49040908
0.35955685
0.3458737
0.44741055
0.3802419
0.3138381
0.32432917
0.5570277
0.40251616
0.36605865
