0.52544355
0.5391417
0.28157657
0.4039037
0.44712248
0.55224675
0.3698531
0.31006077
0.54739165
0.5728253
0.38808608
0.2975381
0.44161084
0.5254448
0.37300766
0.29810873
0.52125853
0.51934123
0.3345884
0.28255197
0.4965341
0.44161195
0.3490602
0.3007264
0.5140371
0.5527127
0.29116914
0.34680223
0.5455604
0.53363657
0.2792716
0.3210568
0.5553482
0.5718617
0.2847694
0.29208094
0.5718633
0.55534655
0.3242413
0.2792477
0.53344625
0.58479166
0.33807787
0.27816492
0.60592914
0.51403594
0.29685503
0.28305528
0.52484393
0.47142458
0.33163145
0.34234622
0.52811325
0.43068594
0.2879451
0.33503705
0.5279107
0.5613867
0.29911667
0.32587144
0.51961654
0.4298475
0.30914134
0.36239928
0.42778346
0.49438545
0.37976837
0.2930472
0.4282595
0.40153965
0.2966102
0.31193444
0.49354658
0.5425483
0.32725343
0.30947864
0.48816183
0.4796876
0.374069
0.33057714
0.49887356
0.5609421
0.37447733
0.32035914
0.47422844
0.4538423
0.313521
0.3192265
0.5084147
0.47422835
0.32053265
0.31519046
0.4775345
0.42862204
0.3632994
0.33101285
0.4313224
0.5226484
0.38471115
0.34117475
0.5295635
0.54691344
0.31628385
0.332075
0.43040726
0.52932686
0.29304653
0.30387548
0.53793854
0.52996516
0.30553153
0.28534636
0.52996457
0.50147533
0.2851615
0.36114803
0.44821388
0.43132514
0.32622653
0.35714367
0.5279799
0.5270937
0.33479363
0.31008446
0.54922676
0.5277023
0.36333358
0.3415872
0.5354639
0.56500745
0.3620381
0.35923332
0.5345287
0.5056655
0.37768835
0.41944513
0.5270953
0.5400401
0.34526795
0.35496756
0.50878227
0.48476475
0.33065647
0.39369816
0.46095192
0.48749384
0.29687896
0.37619466
0.48491037
0.5148392
0.2969901
0.29306746
0.4759497
0.56866837
0.2921609
0.37138906
0.56866604
0.506218
0.33192804
0.2971949
0.5097503
0.4609536
0.29487053
0.31623095
0.43524733
0.43511683
0.34585923
0.32927972
0.51054835
0.4945368
0.29690617
0.36933875
0.58540046
0.5574421
0.32653347
0.30198914
0.49453777
0.5854006
0.37503463
0.3806471
0.55744153
0.5280976
0.37349954
0.30495685
0.42392066
0.47083917
0.37250233
0.36069137
0.41559273
0.40519518
0.3044763
0.31827182
0.5239233
0.5417785
0.3215799
0.3199034
0.52594197
0.52038217
0.34315836
0.36882478
0.5417792
0.57511294
0.28467038
0.33718738
0.55609816
0.4486846
0.30958623
0.31276992
0.55965924
0.47249728
0.30125156
0.31655294
0.4476733
0.39139742
0.36278376
0.3013898
0.50556475
0.5011445
0.30474675
0.31119964
0.49699292
0.48491666
0.35207394
0.278351
0.5570571
0.5613041
0.28721747
0.29626372
0.53196275
0.48713392
0.325282
0.31360644
0.4879906
0.4969922
0.37368473
0.32366887
0.51603055
0.5188864
0.42400894
0.35985675
0.5139315
0.50274
0.30428353
0.38165718
0.5188861
0.51188534
0.30381426
0.27404374
0.50593054
0.514393
0.3141165
0.3831832
0.51279205
0.50724864
0.2913941
0.29581854
0.47357783
0.49812132
0.31047168
0.30587354
0.49913388
0.4991225
0.38781032
0.2897199
0.4981194
0.5035217
0.28982478
0.31194523
0.5099375
0.5336435
0.30093542
0.37031105
0.5035231
0.51123327
0.27953377
0.34614542
0.4822072
0.53765535
0.3533485
0.29919335
0.5376527
0.48525742
0.34652862
0.3991338
0.55680895
0.50162697
0.34714663
0.34691072
0.55018294
0.5568092
0.37354863
0.35120335
0.5060721
0.48220867
0.31261653
0.3049098
0.46494827
0.5970866
0.32497218
0.296665
0.47800198
0.49518147
0.3190925
0.3460676
0.4951778
0.4763588
0.33334824
0.30562043
0.5009186
0.5044648
0.32211444
0.35790008
0.46980628
0.49652752
0.36695558
0.2991612
0.48826084
0.46644908
0.3874686
0.32889938
0.49895492
0.4832442
0.31831595
0.3303282
0.5486671
0.49812
0.31737423
0.3407829
0.6073478
0.5614034
0.3292122
0.36049965
0.49811852
0.5154487
0.3729006
0.3230716
0.49568394
0.44847316
0.33011138
0.31898874
0.4444645
0.47537264
0.35844254
0.3325627
0.4376683
0.46836436
0.3093967
0.29664066
0.4537114
0.48267812
0.31176877
0.33826384
0.48442978
0.5032948
0.35698658
0.36582345
0.49540016
0.44446385
0.33596334
0.3671664
0.48260516
0.4745725
0.29226983
0.30835748
0.48710984
0.46753332
0.3019063
0.27152207
0.45884672
0.49485812
0.2889503
0.35917625
0.47092992
0.46445268
0.2904821
0.36503124
0.4687832
0.44667774
0.2863158
0.35837168
0.5228962
0.512131
0.387031
0.32490507
0.50275886
0.5598654
0.3134811
0.29679605
0.60835594
0.5900469
0.3445768
0.36381295
0.5590999
0.57686985
0.36587822
0.32279328
0.5082308
0.4985782
0.41138422
0.3001133
0.53401285
0.54438806
0.30319527
0.399316
0.54453826
0.55431783
0.28119555
0.41319865
0.5443862
0.5241343
0.29766828
0.31564075
0.55532783
0.5664723
0.29146877
0.3252011
0.52413464
0.50332254
0.36443195
0.29086113
0.5416613
0.50362414
0.30466342
0.35350397
0.50362337
0.5181832
0.28912967
0.35474586
0.5362954
0.537411
0.31683078
0.2874483
0.53741163
0.53153163
0.318005
0.3116022
0.53153294
0.46042994
0.34204236
0.34902647
0.5609311
0.49557495
0.28103352
0.3719008
0.5307445
0.5780116
0.3139644
0.30521828
0.52292866
0.51325965
0.35148764
0.3026647
0.5258224
0.5014605
0.31303164
0.3112066
0.50146013
0.4697111
0.3387575
0.30775514
0.48456338
0.48797077
0.3060866
0.37032133
0.53625906
0.48416865
0.3490159
0.28296477
0.5381757
0.5032767
0.29768607
0.38415685
0.49287358
0.49765453
0.33799618
0.29227167
0.4841707
0.48856452
0.28564227
0.3076104
0.53351295
0.5210166
0.29379678
0.347836
0.5100987
0.536918
0.27928975
0.34134135
0.51880187
0.61452305
0.2973515
0.366857
0.60861146
0.50908816
0.28006816
0.3210224
0.42826903
0.50741154
0.33010262
0.30209345
0.46308404
0.40119186
0.28607005
0.31337577
0.53929424
0.5224317
0.3152035
0.36520553
0.5152996
0.5351201
0.324699
0.37417704
0.5271922
0.5253336
0.3853064
0.35903528
0.5902838
0.52076936
0.35187992
0.37585667
0.5111174
0.55817324
0.37937307
0.30673552
0.5001831
0.5097838
0.3461513
0.34628984
0.43220472
0.5608113
0.3223203
0.35916552
0.42628
0.51106685
0.37905243
0.34416455
0.5850038
0.45977876
0.30925336
0.34268323
0.45981896
0.43220463
0.36505005
0.3443153
0.44631305
0.53628445
0.3255735
0.35854158
0.41689003
0.48843434
0.30492416
0.35858732
0.50549
0.4743764
0.29141012
0.38033384
0.51238114
0.47814846
0.34877855
0.35143292
0.40847662
0.56073236
0.35454136
0.3565656
0.5126484
0.50589144
0.30825678
0.35326535
0.3958373
0.5126491
0.3183677
0.3209275
0.44544482
0.41428334
0.3328866
0.36158156
0.5107841
0.54208153
0.31469846
0.29733938
0.5672398
0.5641514
0.39116156
0.332251
0.56415015
0.57092845
0.3518523
0.318643
0.54208386
0.51078534
0.30849063
0.31586695
0.5364359
0.5021084
0.38571858
0.31238908
0.48707476
0.43098006
0.35278183
0.30892417
0.54856503
0.5359157
0.32132202
0.35741752
0.5401277
0.52029645
0.37688512
0.35133928
0.43302748
0.47102407
0.3327693
0.29925102
0.52656066
0.48640484
0.3120805
0.37525538
0.5260756
0.4986479
0.33426103
0.34554675
0.4710238
0.44485247
0.31575522
0.32839417
0.4813815
0.5024969
0.34416655
0.30490115
0.47579655
0.45957974
0.30231687
0.3079367
0.51268613
0.4922973
0.30675465
0.3103206
0.49229786
0.42759314
0.36846668
0.29963654
0.44395608
0.48138118
0.35408404
0.3428319
0.48386997
0.50760883
0.3281293
0.35841444
0.55717766
0.535983
0.32939896
0.3100154
0.50412655
0.51180845
0.3517049
0.3452689
0.52775955
0.55717933
0.34110132
0.30349514
0.5494425
0.5277599
0.3095089
0.3102766
0.49734
0.51828176
0.3255743
0.31367257
0.48710576
0.5081612
0.3878831
0.3609733
0.5506761
0.54393166
0.36319238
0.29519278
0.49548438
0.5137529
0.29153985
0.35752892
0.5085083
0.53651714
0.377025
0.36990497
0.5365173
0.4988963
0.29979497
0.32837632
0.53232
0.52112824
0.40329736
0.29355973
0.48210567
0.46876973
0.34120607
0.30121383
0.54376525
0.5051331
0.32671002
0.32711965
0.52525496
0.50566506
0.31712297
0.32118788
0.5597734
0.54392844
0.31359452
0.36583996
0.52410156
0.543768
0.36005405
0.32388845
0.5003342
0.49497807
0.31570888
0.3237886
0.5325896
0.5298328
0.30812666
0.30644086
0.52320606
0.43336847
0.36758035
0.2877581
0.52648747
0.42428714
0.3461254
0.33219883
0.5299502
0.58973426
0.38102534
0.31104666
0.542365
0.52995014
0.32719153
0.38676795
0.5212953
0.5231667
0.3408501
0.3368718
0.42428842
0.40600967
0.3402574
0.32614434
0.3993512
0.52456224
0.37413493
0.2789314
0.567112
0.53687173
0.3162032
0.32264295
0.4785803
0.50068176
0.28997675
0.32598
0.48465258
0.5067013
0.28306988
0.30186054
0.5006819
0.4689105
0.339497
0.2930002
0.4516273
0.41906807
0.28397843
0.3034395
0.5274853
0.43360978
0.33252862
0.30394664
0.43792224
0.5274868
0.32203954
0.30985254
0.5063338
0.4806744
0.30727252
0.4073981
0.39025342
0.4665313
0.29517785
0.27799556
0.5276126
0.5063377
0.35340935
0.35845143
0.48067525
0.39025515
0.3684161
0.33226526
0.5261441
0.5136032
0.31161228
0.2961743
0.554979
0.45522997
0.305072
0.30550268
0.5248846
0.5731412
0.28934464
0.3323929
0.5213397
0.52122957
0.3709894
0.35406032
0.49946973
0.49905765
0.2918616
0.31978688
0.472526
0.42015925
0.39332914
0.4219702
0.5199412
0.527631
0.37746152
0.33574793
0.50168926
0.51994133
0.30662566
0.35725483
0.40968078
0.5044007
0.38238
0.3313271
0.48376662
0.50681585
0.33861423
0.30946916
0.4864749
0.5140292
0.39847744
0.33845812
0.44581968
0.40114892
0.32705075
0.35911968
0.5465178
0.5112265
0.2908702
0.31679893
0.49794543
0.5614332
0.39029807
0.3845019
0.51900494
0.5304578
0.32804903
0.32892716
0.50934845
0.54461026
0.35994723
0.40595323
0.5412596
0.56113935
0.30625188
0.3330995
0.52168506
0.51575357
0.32078978
0.34379
0.43108943
0.45736617
0.31102976
0.29925662
0.5039772
0.52371913
0.27519873
0.31129342
0.4950571
0.47447276
0.30612388
0.3131421
0.56374943
0.5150444
0.33842233
0.30124226
0.49037042
0.50623536
0.30073038
0.32895595
0.47447276
0.45648772
0.2976674
0.3065857
0.5575686
0.49406725
0.366033
0.332295
0.5673451
0.5046677
0.38094422
0.3969009
0.5113877
0.52700645
0.34289476
0.33513713
0.50760543
0.51139045
0.35522553
0.3203228
0.5530735
0.5217377
0.30705515
0.30673438
0.49069604
0.50760597
0.31778938
0.31705156
0.44983232
0.5309057
0.35019854
0.29659995
0.55931735
0.50498986
0.3124517
0.35202286
0.5633493
0.4970207
0.32478553
0.3146293
0.48917913
0.5633512
0.29488462
0.29963875
0.5216703
0.52825946
0.31277758
0.29529065
0.51924264
0.44983482
0.30816868
0.31969598
0.51530254
0.50726604
0.36002713
0.35130757
0.542561
0.47692496
0.33958334
0.33584228
0.4582157
0.544973
0.35278946
0.36971372
0.4874222
0.5022248
0.37282643
0.30948344
0.49722892
0.4905377
0.3155151
0.3822963
0.47452042
0.45821682
0.31561446
0.3261258
0.53293854
0.51084447
0.35405165
0.30946627
0.5341764
0.50932133
0.33860767
0.34683755
0.580893
0.5337115
0.32629412
0.32359546
0.5375168
0.5416142
0.30291212
0.32075745
0.5758934
0.58089197
0.30102158
0.32321036
0.5108434
0.5329388
0.30118403
0.3606365
0.47148433
0.47014123
0.32878375
0.32714885
0.5198029
0.5154169
0.3356078
0.35243413
0.505776
0.4983236
0.32520717
0.30694488
0.43637702
0.46879974
0.40226954
0.29192746
0.53119445
