0.42021754
0.35979193
0.42021495
0.36534634
0.46515927
0.41572315
0.47866774
0.3988368
0.46680546
0.41417366
0.4865887
0.40856087
0.38786122
0.4037499
0.42578074
0.42467746
0.4257791
0.38583177
0.44228533
0.42366818
0.4481453
0.3643792
0.4422852
0.40382552
0.47327447
0.39143598
0.47327447
0.4193706
0.43279913
0.41120765
0.43279555
0.38994423
0.40540054
0.39268664
0.42132285
0.41560632
0.42132404
0.41602153
0.42102572
0.41817936
0.463439
0.3996719
0.44581816
0.4040028
0.46344107
0.37900236
0.4601097
0.39108387
0.4601079
0.3800292
0.48302722
0.41575885
0.483031
0.39107344
0.48289698
0.394276
0.49645957
0.39142826
0.49646252
0.42995113
0.4034664
0.3526389
0.45440882
0.3936436
0.4544086
0.38517842
0.4045977
0.41645417
0.40459624
0.38221693
0.37502405
0.40058854
0.45755103
0.37099
0.4192956
0.4128984
0.38816994
0.3927275
0.42585295
0.38786414
0.38986892
0.38891995
0.38670218
0.39173087
0.37290055
0.36920676
0.4037109
0.42576468
0.3737428
0.35132992
0.59957993
0.38001496
0.5995805
0.35397977
0.38520968
0.39887452
0.445771
0.40226164
0.3852118
0.4242394
0.471654
0.3811646
0.426665
0.40556753
0.41851673
0.40703318
0.4315218
0.43160853
0.4082669
0.3986575
0.39011344
0.40664074
0.42881393
0.43376747
0.44241753
0.4193314
0.42225632
0.4121611
0.4049376
0.39950296
0.38957444
0.40579298
0.4298009
0.40355557
0.4279221
0.4006396
0.4020659
0.41430715
0.37407035
0.39216596
0.4260688
0.36138844
0.42796615
0.39886537
0.4282893
0.41360354
0.42773026
0.39139736
0.4123516
0.4100795
0.43048552
0.4152429
0.40982231
0.38351604
0.41763583
0.4099665
0.4217176
0.40209195
0.43910074
0.38515767
0.37056318
0.37068427
0.40162662
0.38575804
0.42412323
0.39484438
0.4176363
0.3913718
0.41745186
0.41278505
0.41809088
0.4272091
0.42580366
0.40997902
0.39592698
0.3626339
0.50671965
0.39696813
0.3959253
0.36568838
0.44578257
0.39301166
0.42716298
0.41854024
0.41753197
0.42258304
0.4291482
0.43690544
0.4155039
0.4001118
0.4023567
0.39036703
0.41386083
0.42040014
0.423693
0.42527667
0.41550127
0.39464036
0.42300028
0.37650925
0.4445529
0.4208322
0.45828474
0.444486
0.38125178
0.36698192
0.44504866
0.41193613
0.4629947
0.42228135
0.38233566
0.38389325
0.4493025
0.4262304
0.38204145
0.41195402
0.443455
0.43534386
0.39827976
0.4161138
0.39827755
0.41454145
0.4159546
0.3648526
0.4159555
0.37635773
0.45923334
0.36286163
0.45923254
0.38939518
0.43349615
0.37883225
0.43204927
0.42350614
0.43204752
0.41257107
0.47246775
0.44260067
0.37874392
0.36390802
0.42885956
0.36289224
0.3820107
0.39428642
0.4522506
0.4272595
0.4672535
0.40267056
0.4672507
0.37915808
0.42545968
0.40813565
0.41067776
0.40161538
0.43725127
0.40203393
0.43896568
0.38262028
0.43084106
0.38251406
0.3891955
0.3908968
0.41067997
0.4225908
0.46626016
0.40407723
0.4137252
0.41229457
0.4594412
0.41796002
0.38570964
0.4030249
0.41524526
0.41034326
0.41954198
0.41523865
0.47484523
0.40064442
0.41954425
0.39730135
0.44954902
0.3987533
0.43509108
0.4115859
0.45352653
0.42718676
0.43061304
0.36669677
0.4306151
0.39944533
0.40205252
0.3923332
0.46193197
0.39772752
0.43929994
0.42054573
0.43929768
0.4008302
0.47226474
0.42623994
0.4091656
0.4108461
0.46231195
0.4001773
0.45483527
0.4323348
0.45483592
0.42170653
0.45512262
0.3807431
0.42522383
0.40584603
0.39879143
0.41833127
0.44405422
0.39096677
0.42173412
0.3746239
0.40952945
0.36938825
0.4089307
0.38669303
0.45161706
0.36925504
0.41190487
0.40214068
0.39144033
0.4213744
0.40653187
0.3762813
0.4177942
0.39978078
0.4293244
0.3961632
0.45129198
0.40959176
0.41342294
0.355762
0.43465048
0.41985267
0.42240003
0.36709055
0.38459212
0.41050872
0.43241286
0.3888502
0.39565322
0.41265282
0.41579676
0.38150734
0.47276905
0.38436618
0.40755364
0.409849
0.44331858
0.40117815
0.39340603
0.3681845
0.45738724
0.3992451
0.38285938
0.38535222
0.39115185
0.39200795
0.41434965
0.38571364
0.41159973
0.4129124
0.3638363
0.39846614
0.41595262
0.42565724
0.4348273
0.3923559
0.41912284
0.3818991
0.39867938
0.40161046
0.40731838
0.42222494
0.42006722
0.40495402
0.4042637
0.38629746
0.40538236
0.39529502
0.41457233
0.38149035
0.41354597
0.3817662
0.39496055
0.40540954
0.41354525
0.37756604
0.45949385
0.4062746
0.41868687
0.40016636
0.49036422
0.38905865
0.46317384
0.41070592
0.49036676
0.4112971
0.43573037
0.40367395
0.43572825
0.4046507
0.44286364
0.39059657
0.44286585
0.4118
0.40400672
0.4109849
0.44730288
0.40460432
0.4129251
0.4089599
0.42139104
0.36753237
0.43712962
0.42213932
0.388205
0.35240424
0.4483097
0.3780364
0.39146623
0.3975854
0.39228213
0.37529168
0.40124792
0.3849327
0.43628797
0.37055704
0.4809899
0.3642322
0.3921205
0.39663133
0.38398826
0.37112507
0.35442364
0.36647657
0.37517592
0.43086097
0.45968342
0.42180923
0.3887641
0.39000905
0.3751748
0.35673168
0.37413543
0.3892316
0.39802527
0.37911686
0.39802524
0.39812192
0.41817403
0.42548928
0.41582116
0.41380388
0.44883645
0.40016234
0.40896988
0.40262097
0.39552912
0.40244249
0.4334215
0.39953232
0.45714435
0.37643194
0.40443796
0.40982932
0.4176672
0.40819246
0.41830525
0.38677666
0.4690952
0.39532796
0.4323225
0.4064197
0.38329467
0.38851753
0.47131735
0.41698846
0.4408824
0.38637877
0.41618958
0.38520643
0.3796612
0.359706
0.39332423
0.4309155
0.43088806
0.3957451
0.41959807
0.390644
0.4195985
0.41209188
0.41738638
0.42788258
0.4331477
0.4133836
0.44443294
0.368575
0.44443384
0.41676494
0.42756665
0.42172602
0.44844055
0.4143061
0.41279063
0.4092087
0.42039627
0.41576198
0.4167774
0.40196243
0.42039508
0.4239318
0.44274214
0.43441853
0.43224356
0.3728993
0.42217234
0.40840453
0.40823728
0.41202354
0.3929351
0.4282861
0.38951322
0.38856155
0.4328199
0.4575772
0.5179426
0.408194
0.45457652
0.38854447
0.4576037
0.4205258
0.40466014
0.42128465
0.42703444
0.38536605
0.42242932
0.3956879
0.44405776
0.4046824
0.42977217
0.37647283
0.429769
0.3904962
0.44857758
0.3944709
0.44857845
0.3882252
0.43654805
0.4253594
0.44927877
0.3899792
0.39673433
0.38769558
0.4365477
0.39302552
0.43381304
0.40014753
0.4884307
0.42137015
0.4480172
0.40345922
0.47461912
0.3771375
0.4414272
0.39642945
0.44142652
0.37867448
0.4073115
0.3960518
0.39431262
0.40425554
0.41733325
0.39771283
0.39899004
0.39948896
0.41064554
0.40200016
0.37955964
0.41495988
0.41964543
0.40117303
0.3946655
0.37465546
0.4247973
0.39546886
0.39018118
0.37361032
0.41211835
0.42020485
0.39449123
0.4121134
0.37177548
0.39694768
0.37177607
0.3970671
0.41536406
0.39279687
0.45434627
0.39161325
0.40467232
0.37714586
0.43673953
0.38799554
0.40428305
0.4246514
0.40078193
0.3976183
0.4284973
0.39682728
0.4289239
0.39862615
0.40677118
0.38910764
0.4027712
0.38757405
0.41419882
0.4200338
0.40677026
0.38950148
0.41278887
0.40786085
0.4269349
0.43552306
0.4316871
0.3869103
0.42623776
0.3895983
0.4154331
0.40728873
0.43325728
0.4019833
0.41226378
0.40045246
0.42937216
0.3868845
0.40277183
0.3930184
0.42724946
0.41057616
0.41867775
0.39058143
0.4186781
0.4212095
0.46600923
0.41078237
0.3887519
0.4087954
0.39688608
0.3718948
0.39589912
0.35418564
0.3959014
0.37194455
0.47248232
0.40815437
0.4517994
0.421558
0.43316698
0.43648148
0.43006557
0.36319292
0.41647682
0.3934944
0.4384824
0.40122405
0.43310487
0.40468928
0.42252076
0.41309482
0.4060239
0.39052862
0.45215914
0.42718875
0.44899762
0.37604105
0.45215768
0.40834153
0.4216341
0.37717324
0.44942868
0.37569433
0.42065492
0.39037386
0.385119
0.3942908
0.40770125
0.42337736
0.38984224
0.38575882
0.39052907
0.3789503
0.40770125
0.3981827
0.38781595
0.40357992
0.37669158
0.36731058
0.39778745
0.3705198
0.37888595
0.36885276
0.3968978
0.38860768
0.39778915
0.3854434
0.38365814
0.37890765
0.4080012
0.4014808
0.442915
0.39418405
0.43240434
0.41898713
0.4560293
0.39925423
0.4160637
0.43529445
0.38533306
0.35665026
0.45688492
0.40887803
0.45923194
0.40806028
0.5130632
0.43450025
0.45831102
0.44548365
0.4370922
0.39723626
0.42598274
0.42419
0.41054597
0.4017892
0.39703906
0.3781059
0.40077823
0.39437348
0.39584422
0.39823785
0.42736554
0.4216065
0.43410182
0.4407978
0.46843737
0.3881157
0.4559597
0.40256056
0.45595932
0.40451318
0.46484822
0.41992998
0.40497476
0.39667535
0.40497345
0.38977182
0.44869164
0.44064674
0.45887583
0.37799674
0.4027517
0.40289465
0.37716553
0.38266402
0.38327876
0.4074416
0.37716556
0.3949569
0.5209236
0.40078905
0.5209261
0.40207288
0.4330138
0.39639872
0.4256983
0.39516646
0.39904374
0.4060676
0.4383732
0.39952216
0.4173338
0.39621302
0.41341504
0.39924538
0.42377764
0.3639219
0.42378098
0.4039232
0.44917303
0.37576723
0.4271071
0.41073948
0.41132474
0.40703458
0.4116997
0.40020406
0.38524386
0.38485447
0.4449002
0.40483785
0.39392057
0.392794
0.42125452
0.38246042
0.41056243
0.3945396
0.47755474
0.43230292
0.37980962
0.3880076
0.41790298
0.35506186
0.3787259
0.41084367
0.39514637
0.3901806
0.3952302
0.3908362
0.48223838
0.38143367
0.38526744
0.37304834
0.45526534
0.43438712
0.38742828
0.39054477
0.42334583
0.4120497
0.45456684
0.39584938
0.4017237
0.37858984
0.37960374
0.3753097
0.3997426
0.40923956
0.42209357
0.39408705
0.38666004
0.36598912
0.37988704
0.37050727
0.37996507
0.3587293
0.42106193
0.39782137
0.41154712
0.40538713
0.52511996
0.40331134
0.52512187
0.38103253
0.48480454
0.39235207
0.48480543
0.41969556
0.4145174
0.37927616
0.41451737
0.3952878
0.40099606
0.4454681
0.5171654
0.39779794
0.47839978
0.41942582
0.47015876
0.40288535
0.39427066
0.4008751
0.39426938
0.38459805
0.42775738
0.42982414
0.45328233
0.42965066
0.4560322
0.40292343
0.41757005
0.36876556
0.42678016
0.4130436
0.44872755
0.41480762
0.43964207
0.39021587
0.4246373
0.39641166
0.39724302
0.4036178
0.4368791
0.401299
0.4369622
0.43867508
0.3940855
0.36475152
0.4081717
0.41812944
0.4103989
0.39201057
0.4081727
0.41628262
0.4396334
0.38995746
0.44248685
0.3691269
0.42505318
0.44142437
0.45457122
0.3916068
0.42920575
0.35843384
0.42920607
0.39162707
0.41905728
0.3907108
0.46769285
0.40392765
0.41541559
0.4122629
0.40154397
0.39068142
0.41650388
0.44176534
0.38279924
0.41967684
0.41541508
0.42436668
0.40716013
0.3770378
0.419439
0.40517464
0.41758105
0.36860442
0.42876017
0.45341003
0.41758353
0.40230727
0.46424145
0.4041087
0.44836223
0.40753582
0.41307166
0.3707601
0.44136676
0.38129404
0.43163007
0.40076885
0.41307533
0.3883866
0.46228668
0.42340842
0.42603236
0.40113506
0.40098616
0.36482856
0.37998238
0.38344577
0.45904046
0.401044
0.42999715
0.3947522
0.40080667
0.39791805
0.40860137
0.41916388
0.42275417
0.40779173
0.3758545
0.33310553
0.40080845
0.39846727
0.406601
0.42114705
0.41660953
0.3873032
0.4147024
0.416974
0.44701836
0.37980333
0.40249765
0.37553427
0.3751772
0.39818054
0.38911095
0.43944758
0.3914457
0.36974907
0.3991614
0.40178558
0.37404844
0.38811913
0.37404776
0.39299488
0.42702383
0.39498204
0.43535227
0.3881822
0.4468006
0.40297455
0.44269925
0.3894761
0.4393907
0.37504455
0.4550613
