0.6680461
0.64814115
0.6680437
0.60817635
0.8041499
0.70959455
0.7913189
0.7099416
0.7606383
0.7130981
0.8105244
0.6977627
0.64032185
0.6867837
0.6948214
0.7344455
0.69480926
0.6600149
0.74821204
0.6576574
0.7974274
0.61323935
0.7482131
0.6849182
0.70839274
0.6439508
0.70839846
0.7046651
0.7250217
0.6759811
0.7250104
0.6679922
0.69569844
0.6871049
0.68649435
0.66313326
0.68650603
0.74319345
0.68611103
0.7095707
0.6909979
0.670592
0.6650347
0.69903874
0.69098204
0.61561656
0.77041
0.6595441
0.7704096
0.6519959
0.8014784
0.7241949
0.8014775
0.6504067
0.7304543
0.68428785
0.8198849
0.6749273
0.81988704
0.72912836
0.65418196
0.64601284
0.7307261
0.6941512
0.7307067
0.63283753
0.7175882
0.73977166
0.71757853
0.6453988
0.6609272
0.70844984
0.7787777
0.63922006
0.7244179
0.68376887
0.7259927
0.70132446
0.65865463
0.66339785
0.68965876
0.71587825
0.7285876
0.71230596
0.6306392
0.6453523
0.7097542
0.73369116
0.6343314
0.6363374
0.87197703
0.6802779
0.8719729
0.66502017
0.69316256
0.7118337
0.7364734
0.70580804
0.6931543
0.68243223
0.75478023
0.6456095
0.67944574
0.6761993
0.7076776
0.67472416
0.7338631
0.7682039
0.69294775
0.66505694
0.6868814
0.7499664
0.63966805
0.6993443
0.7792257
0.6963178
0.7180408
0.7029517
0.66604114
0.654604
0.67345196
0.67617506
0.69098425
0.6963293
0.76823455
0.70616925
0.6759365
0.713143
0.6622936
0.71010506
0.65178245
0.61568993
0.7059052
0.65988714
0.7075057
0.6662697
0.6908728
0.6883542
0.670201
0.69606566
0.703967
0.66068006
0.67653525
0.6071781
0.69276947
0.66978234
0.6774377
0.66330695
0.7202957
0.6777882
0.6747612
0.6563674
0.72246563
0.6138435
0.7120196
0.73331463
0.6927751
0.69549567
0.69076484
0.73492444
0.69828475
0.706661
0.69287956
0.64949304
0.65921825
0.64708525
0.8168387
0.6679341
0.65921724
0.64766455
0.71194685
0.7243359
0.717072
0.6933045
0.70258474
0.6725545
0.6728053
0.671757
0.6611449
0.70603216
0.64967364
0.6886697
0.6689387
0.6859659
0.6933942
0.74873
0.6611368
0.7188952
0.7431072
0.6927331
0.74336815
0.73148257
0.7731946
0.7079084
0.6436503
0.61229503
0.7220766
0.66848594
0.7431224
0.68285316
0.6455903
0.66998196
0.7615314
0.6972175
0.65120107
0.7029907
0.7549132
0.7227987
0.7150133
0.6659114
0.71501476
0.6981103
0.7391748
0.6567555
0.739184
0.69439393
0.7286721
0.63492924
0.72866666
0.6574628
0.6754277
0.6453512
0.72948843
0.7024383
0.7294818
0.7006316
0.8061899
0.708822
0.6435078
0.66013527
0.7867999
0.64758897
0.66701823
0.7072173
0.76828563
0.7135625
0.78024536
0.7246043
0.7802433
0.6639321
0.7089431
0.6902507
0.7191301
0.67176336
0.75776577
0.7029602
0.74226403
0.68481517
0.6915438
0.7066394
0.72852015
0.70055604
0.7191397
0.6956394
0.7816317
0.7072519
0.68306375
0.6769025
0.75367856
0.72743225
0.6870918
0.6640377
0.7315328
0.6646054
0.71480715
0.70335615
0.7797582
0.7118671
0.714822
0.6967196
0.765624
0.67265946
0.6511331
0.66379315
0.6706902
0.67851
0.7610417
0.68365
0.76103824
0.704207
0.76445377
0.6950852
0.8007683
0.6900516
0.7273912
0.72815555
0.72737545
0.66870034
0.7854282
0.7375504
0.7668736
0.69039017
0.7485052
0.6780684
0.73695827
0.7425236
0.7369517
0.6784928
0.71249086
0.65211123
0.68873787
0.68132704
0.68422914
0.6819205
0.7145769
0.6691517
0.750083
0.65024704
0.64836514
0.6401287
0.673562
0.66609496
0.72733116
0.6930389
0.6755738
0.69761026
0.68804747
0.72711164
0.6521675
0.68905705
0.7657813
0.68551224
0.75643957
0.6745333
0.7655761
0.7317277
0.672782
0.6237333
0.73626065
0.73594415
0.6878044
0.62594205
0.6670926
0.6666539
0.70862603
0.67550296
0.7476086
0.71422434
0.6447013
0.6139755
0.8000794
0.7224458
0.71269155
0.7413446
0.77915466
0.6800752
0.71821225
0.6431468
0.7728411
0.70732415
0.6911871
0.6740132
0.7140354
0.71099764
0.6415434
0.6091632
0.6766662
0.68275195
0.66203505
0.7011456
0.6637523
0.6816515
0.727514
0.66145873
0.7173767
0.6588064
0.68070877
0.68399405
0.6155675
0.7136434
0.7759887
0.752419
0.71326166
0.688275
0.69695574
0.71731275
0.68369025
0.6684727
0.69028586
0.66411364
0.72314465
0.6573886
0.6903001
0.63289165
0.77746904
0.6933797
0.73160446
0.7443401
0.8235905
0.70777303
0.7947712
0.69803405
0.8236047
0.7292902
0.78114367
0.73147
0.7811464
0.72862655
0.7322083
0.70187867
0.7322066
0.65492773
0.665944
0.6841138
0.75536805
0.6783495
0.72996515
0.6971784
0.7383424
0.6808144
0.6768278
0.70228875
0.64346004
0.59334755
0.7179956
0.6547476
0.65830076
0.72269285
0.6531123
0.6455729
0.6527385
0.6709659
0.7238074
0.63369125
0.77950734
0.61794835
0.65848035
0.6798728
0.68733025
0.6561935
0.6551502
0.6347658
0.6780599
0.7238104
0.74895215
0.7306587
0.68983513
0.6822571
0.6780527
0.655439
0.6849534
0.6893903
0.66556954
0.65632385
0.66557246
0.7034701
0.7410672
0.7094643
0.68047947
0.73836726
0.7491443
0.6292377
0.7070175
0.73167664
0.713966
0.7107164
0.71312875
0.670526
0.7899026
0.71476066
0.7015434
0.6744342
0.70983416
0.74013376
0.7445918
0.71892416
0.7382848
0.68818754
0.6972405
0.71436644
0.7035008
0.7173741
0.74767387
0.69194853
0.769985
0.68599546
0.69472325
0.6693492
0.68025464
0.6113036
0.6965107
0.69321877
0.724313
0.6660168
0.74171734
0.65625703
0.74172664
0.70146906
0.71652895
0.68889165
0.78481823
0.7407175
0.7859571
0.6593161
0.7859543
0.7200588
0.7189276
0.6953163
0.732768
0.71372247
0.70406556
0.67965204
0.6713572
0.662841
0.72442615
0.67819923
0.67137843
0.7412098
0.7377879
0.6915111
0.6574776
0.6665149
0.7100742
0.71497726
0.6864716
0.64796287
0.6261202
0.70947915
0.6688392
0.726742
0.7710465
0.754007
0.82171065
0.7129674
0.7685263
0.63438004
0.70293856
0.673049
0.713601
0.75730205
0.7335735
0.6909171
0.76942146
0.6820903
0.6810237
0.7188574
0.75498635
0.6632459
0.7549753
0.704119
0.6769752
0.6727889
0.67698526
0.7109672
0.75506556
0.7495644
0.754208
0.7095753
0.73478866
0.67126274
0.75506526
0.68711483
0.7686387
0.6710558
0.7746607
0.71649146
0.733927
0.7259905
0.8156501
0.6907587
0.75162387
0.68478435
0.75162673
0.67979956
0.6798925
0.6519434
0.68924683
0.68665534
0.711641
0.6720111
0.70682627
0.7315773
0.7424476
0.6768977
0.6551259
0.67271763
0.7597207
0.6823418
0.69869906
0.66550183
0.71915144
0.72971106
0.69316477
0.665905
0.68309784
0.73570555
0.7396285
0.692302
0.69771767
0.70670223
0.6977081
0.68526185
0.7133606
0.7157372
0.72244525
0.7110085
0.74206483
0.64447564
0.7036219
0.72929823
0.7185991
0.7321096
0.68453616
0.67061484
0.7614327
0.6975417
0.7150321
0.6723172
0.7181423
0.7158159
0.72433555
0.70319086
0.7509144
0.770532
0.6912019
0.7190559
0.7189645
0.6747281
0.7211475
0.71197057
0.73077214
0.6953044
0.7009367
0.63667
0.7061076
0.7464157
0.7041594
0.70843923
0.73225254
0.7374522
0.76938164
0.6790578
0.72432566
0.68373954
0.7484992
0.72537863
0.6820853
0.6784167
0.68208146
0.700735
0.76684344
0.6839859
0.6543675
0.72833693
0.6714567
0.6603069
0.68618536
0.6550066
0.6861959
0.64139175
0.7637988
0.7495529
0.8003952
0.7111894
0.75093985
0.72310483
0.7401688
0.6739561
0.67712975
0.62641865
0.7526375
0.7376273
0.7628162
0.71953285
0.72224367
0.7079209
0.62652653
0.6974113
0.77746725
0.72140265
0.78879267
0.7252645
0.7774698
0.6980117
0.74827534
0.6760464
0.7406206
0.614
0.73780584
0.65656817
0.6967597
0.64646804
0.6896025
0.7131478
0.69640315
0.68485737
0.7159757
0.6979965
0.6895916
0.7057437
0.70281357
0.6897035
0.6941056
0.6745608
0.7144438
0.6539456
0.68658537
0.69834065
0.72955203
0.6570347
0.7144389
0.67465645
0.6877951
0.68500715
0.67469656
0.6316677
0.72274584
0.68215406
0.68115723
0.6067427
0.68089294
0.6054092
0.70394135
0.6878926
0.60554683
0.6495931
0.7786909
0.69757366
0.7296587
0.6108383
0.78442407
0.6706545
0.7310905
0.72730094
0.7590658
0.67892957
0.7136976
0.6900052
0.7524237
0.7126423
0.6595667
0.6265718
0.6919039
0.6207268
0.6743163
0.69719964
0.75002044
0.7186761
0.74174243
0.7293565
0.79467225
0.70700264
0.77019006
0.70622176
0.77019215
0.70315224
0.7777077
0.74156547
0.71091026
0.694285
0.71090794
0.7419435
0.7786045
0.705087
0.7641291
0.7117169
0.72090274
0.7149327
0.67591023
0.6670303
0.6839408
0.66594064
0.6759092
0.6400077
0.8031568
0.6749366
0.8031811
0.70704275
0.7429299
0.67998534
0.74340886
0.72182494
0.7317613
0.7366586
0.7601864
0.6761218
0.72960585
0.7041333
0.7072189
0.72000396
0.71803814
0.6361563
0.71804786
0.6546021
0.749192
0.6087609
0.71537024
0.6908607
0.66072786
0.69298816
0.6297008
0.6401504
0.6439504
0.6713551
0.7545589
0.66194564
0.6281205
0.7282173
0.6890301
0.6412804
0.70483476
0.7020986
0.79356575
0.6439678
0.598397
0.6365069
0.7105542
0.6472222
0.7137824
0.7088002
0.6699507
0.63196075
0.70716965
0.6457423
0.7393698
0.6444847
0.62259054
0.6480038
0.722318
0.75629073
0.68030316
0.6663841
0.76402533
0.74557364
0.7768605
0.69029766
0.73218113
0.65213877
0.63568395
0.63045245
0.71344817
0.67329454
0.71758044
0.7076322
0.6325945
0.63902706
0.6663636
0.65921754
0.66776913
0.62164795
0.7772939
0.6475846
0.76848525
0.718844
0.8368936
0.6905784
0.8368991
0.6457954
0.80281204
0.6476673
0.8028261
0.69317406
0.67871416
0.67596114
0.67871135
0.693007
0.65610695
0.7759197
0.80157727
0.6658386
0.7587007
0.6828487
0.7587496
0.65449107
0.65794414
0.6627439
0.65794635
0.64741683
0.71784306
0.70167154
0.7373511
0.7541873
0.7752341
0.74495083
0.63549197
0.6862678
0.738524
0.7200707
0.67354757
0.6393638
0.73183024
0.62952405
0.69256955
0.6918933
0.65233845
0.70391023
0.73384136
0.67093235
0.7320796
0.744993
0.764953
0.704682
0.7205794
0.736128
0.71100575
0.669777
0.72057253
0.7013601
0.75758314
0.69382715
0.7399593
0.66986656
0.71197766
0.73772645
0.7322191
0.70481426
0.6943794
0.61227304
0.6943837
0.6805848
0.7170139
0.6521559
0.7561601
0.7136138
0.70747924
0.706004
0.68223363
0.690773
0.7327308
0.7301001
0.64472795
0.6756641
0.7074831
0.7566198
0.7111662
0.6768881
0.7165647
0.65874165
0.7163266
0.65257597
0.72535896
0.72625166
0.71631956
0.6754155
0.73445046
0.6988517
0.7990574
0.70026326
0.7128253
0.6724764
0.71181506
0.6354313
0.7378222
0.708355
0.7128366
0.6353324
0.81889284
0.6906436
0.732327
0.662716
0.6101788
0.59490216
0.6707352
0.6837663
0.7552897
0.6941641
0.7429947
0.75336134
0.70187604
0.7383632
0.67434376
0.6864091
0.74461186
0.68753964
0.7166861
0.62761426
0.701888
0.6341746
0.7353944
0.75386494
0.7140241
0.6489777
0.73147225
0.6926818
0.7375285
0.6423963
0.6828786
0.6205414
0.6788723
0.69891113
0.6688213
0.71268445
0.721861
0.6937943
0.69922465
0.68668336
0.5986683
0.6682741
0.59865946
0.6135538
0.71554524
0.6391186
0.76270175
0.66433954
0.7199186
0.6593618
0.73976916
0.69896793
0.7386468
0.6175436
0.71347404
