0.6268025
0.56398004
0.6274589
0.54227644
0.63379663
0.5577179
0.6083545
0.6000786
0.53196925
0.54072356
0.6143375
0.61060584
0.59132785
0.5461326
0.6106045
0.60909295
0.57952577
0.5512173
0.6090929
0.5918003
0.5693128
0.51983196
0.62162805
0.5475767
0.5950571
0.58594
0.5242976
0.5422895
0.5859447
0.59505683
0.56152487
0.56154615
0.6394419
0.5394682
0.6585338
0.55278593
0.6315533
0.5642222
0.8940079
0.6323815
0.63586605
0.5629569
0.5735864
0.64875716
0.5787562
0.58135587
0.64876175
0.57358634
0.54863477
0.5332951
0.58799917
0.6015543
0.5664846
0.55843437
0.6217455
0.6049175
0.5587251
0.529256
0.60492265
0.6013427
0.56328666
0.55845606
0.9501885
0.63923216
0.5961546
0.5830452
0.52148706
0.5394531
0.5734362
0.56772095
0.55362064
0.5454268
0.5830467
0.5688515
0.54142815
0.56001055
0.5677267
0.58002293
0.5528537
0.5462495
0.6407663
0.5540515
0.61325747
0.5900314
0.5353785
0.5781755
0.6074178
0.63265586
0.5700713
0.6226052
0.60856926
0.61325353
0.54097986
0.54124945
0.5835315
0.5784369
0.6044736
0.5465499
0.5786399
0.5920041
0.5420723
0.5627371
0.6753209
0.65181303
0.5810164
0.616477
0.62309986
0.6167452
0.54927325
0.58568203
0.5853571
0.55135447
0.5653838
0.518831
0.64936423
0.63749623
0.5981626
0.6104992
0.5797936
0.60349435
0.5572754
0.5833523
0.6633416
0.6734902
0.5822405
0.63455445
0.56596696
0.6241856
0.5695671
0.59941345
0.58640164
0.6279968
0.5523808
0.59197587
0.59710175
0.62563324
0.5834831
0.60113084
0.64380133
0.5950919
0.5519064
0.57602006
0.58829945
0.5803273
0.5676225
0.5333074
0.62268627
0.60176945
0.56693393
0.57698697
0.5795153
0.6072328
0.53726137
0.5313323
0.5743912
0.638808
0.5993279
0.68214583
0.59460217
0.5674618
0.55433196
0.5726698
0.60349864
0.5713439
0.5692435
0.5353476
0.61321485
0.5783831
0.550752
0.52401674
0.62890965
0.5343566
0.5867498
0.577543
0.5652454
0.51774114
0.57754815
0.58675
0.5434129
0.55713034
0.6524385
0.5537466
0.643134
0.55008984
0.6354739
0.5535485
0.5851129
0.5876499
0.5602572
0.5174876
0.5778336
0.584541
0.53222406
0.53461856
0.6043687
0.592099
0.56192195
0.575235
0.6024981
0.60436594
0.55516016
0.54223907
0.5853946
0.6049471
0.55691195
0.56810105
0.59862196
0.5888329
0.5566571
0.5304585
0.5888384
0.5853924
0.5899431
0.55292416
0.63493127
0.5605789
0.7953662
0.59887207
0.6346303
0.5558132
0.65595704
0.5448399
0.635947
0.53774
0.6441235
0.5643923
0.62501156
0.5444304
0.6776258
0.6189287
0.6278411
0.5372763
0.57204247
0.5710669
0.56226164
0.5323451
0.5669645
0.56087756
0.5340731
0.5780521
0.59993225
0.5560784
0.5600374
0.5346807
0.54631335
0.56437635
0.5761624
0.57105064
0.5614789
0.5652963
0.57625395
0.5615969
0.56529474
0.5614734
0.55874115
0.533043
0.65373355
0.5694796
0.60681057
0.6091215
0.5244065
0.5668341
0.60912085
0.6116537
0.5377659
0.53855556
0.6336397
0.5927787
0.5935229
0.5710542
0.6381646
0.5439176
0.65201557
0.5850767
0.5587253
0.5646657
0.5942841
0.6520115
0.56088746
0.62114036
0.6731124
0.5905668
0.5456006
0.6040661
0.605315
0.5856311
0.59051216
0.5341643
0.5856331
0.60531294
0.57809347
0.54158515
0.6409903
0.58177996
0.644952
0.55820787
0.63698936
0.5212562
0.6360722
0.54251647
0.6225121
0.5318509
0.64266974
0.5411576
0.5709915
0.60232586
0.56590605
0.6146816
0.6023206
0.5709828
0.5168897
0.54972494
0.63601995
0.57725203
0.5681068
0.5701261
0.6511057
0.58300436
0.57013243
0.5681082
0.54921645
0.5907406
0.58550864
0.6056013
0.54030764
0.5388074
0.53793365
0.6100033
0.6166937
0.60008925
0.58025897
0.6390363
0.5563134
0.6250572
0.5948992
0.552734
0.51532006
0.54196864
0.5883591
0.6072497
0.5391891
0.57285774
0.5963225
0.5930181
0.5577732
0.5596981
0.63600737
0.65193087
0.5490171
0.59080315
0.5683726
0.60861486
0.5120828
0.5494886
0.54285884
0.5644559
0.60791916
0.5372629
0.60776764
0.57074785
0.5605728
0.5571106
0.60280025
0.6433582
0.543648
0.6714711
0.644684
0.6005862
0.56588703
0.55607677
0.64161915
0.5343614
0.6392834
0.5311881
0.62837684
0.581973
0.6462494
0.5302764
0.6294448
0.5363144
0.58891606
0.5776055
0.537974
0.54854625
0.5776093
0.58891493
0.5697942
0.5603158
0.6316489
0.551978
0.5944961
0.59548
0.5782222
0.5540647
0.5925465
0.6136932
0.57746917
0.5405913
0.59548455
0.5944955
0.553144
0.5703128
0.59345084
0.5932486
0.52610224
0.5706317
0.5946685
0.593447
0.5552049
0.53685206
0.64647233
0.58632857
0.6295123
0.53771526
0.6234311
0.5198927
0.64936
0.51548547
0.9053905
0.62702036
0.60541177
0.5960982
0.56833166
0.5402171
0.59610254
0.6054096
0.5366235
0.5580795
0.6162679
0.60291487
0.5385167
0.5515703
0.6029168
0.62045044
0.53375363
0.54799616
0.6161295
0.6162641
0.5697768
0.5334766
0.64314973
0.5634201
0.6536066
0.54642403
0.6175224
0.5339546
0.6467978
0.54237974
0.6170964
0.6120195
0.60483897
0.5995508
0.5530046
0.53639334
0.59955263
0.60483384
0.5408808
0.5926393
0.6558611
0.5578811
0.5772422
0.5678739
0.5557125
0.50383294
0.56788224
0.60045505
0.6088359
0.5630947
0.59670824
0.60295326
0.54420835
0.5570099
0.55623055
0.593536
0.539648
0.54871947
0.59934497
0.59612846
0.5253306
0.56769717
0.6397256
0.58626133
0.6348839
0.53125113
0.6363941
0.5579513
0.6385572
0.5525002
0.5881939
0.5989452
0.56929004
0.54833
0.6368517
0.58819425
0.55221003
0.52664626
0.62580174
0.59161764
0.64908665
0.5637555
0.606511
0.6087221
0.56435233
0.53019977
0.5976739
0.6065072
0.5471818
0.571958
0.5968123
0.5939331
0.57134116
0.5361039
0.672216
0.56385076
0.5979788
0.54197234
0.62521106
0.5357631
0.6429214
0.5784126
0.6469647
0.54221624
0.6681261
0.5690078
0.614206
0.6137514
0.56968296
0.57952446
0.6137529
0.6142022
0.56875366
0.555978
0.6363215
0.53229654
0.6372811
0.5423657
0.59818584
0.6267382
0.6062596
0.54920983
0.6462992
0.61666834
0.56226146
0.5561165
0.5958259
0.598181
0.58621216
0.5566534
0.6400099
0.62281036
0.5374771
0.5522142
0.6234401
0.5980699
0.543419
0.58095694
0.62155783
0.55183315
0.63941896
0.5484936
0.5841263
0.5945796
0.60697263
0.5550706
0.5945853
0.5841273
0.55884135
0.5797597
0.6265324
0.563607
0.64442253
0.53332955
0.62883145
0.56546307
0.6365027
0.57905704
0.55866426
0.58289456
0.51635176
0.5617138
0.6037375
0.5632081
0.5786295
0.5275698
0.612523
0.603733
0.5561433
0.53054345
0.61988175
0.60837096
0.5572265
0.55658394
0.5951189
0.5816434
0.5541576
0.5167919
0.6408898
0.5242963
0.63700676
0.55164456
0.83835024
0.5720831
0.6265231
0.5598395
0.5942717
0.6008997
0.5830023
0.5505635
0.6008987
0.59426594
0.54193616
0.58543175
0.63597625
0.57821244
0.55857915
0.58172274
0.57902265
0.5384879
0.58172613
0.55858
0.5386947
0.5731129
0.6422131
0.5350857
0.64229745
0.53162134
0.59185064
0.5946954
0.568215
0.53563625
0.5946959
0.6086479
0.5894896
0.5498597
0.56773186
0.5779401
0.50892055
0.51150864
0.6051938
0.5703707
0.5515094
0.5428829
0.5864035
0.5703328
0.53194904
0.55930233
0.59426445
0.59720635
0.55525726
0.56165254
0.63789874
0.5292549
0.645137
0.53123814
0.59955585
0.5834821
0.51110876
0.5020892
0.58348346
0.59955406
0.52079904
0.5175421
0.6926381
0.6031188
0.56181914
0.559096
0.6031165
0.6926297
0.5830013
0.6030795
0.63409233
0.5818828
0.5956795
0.6315034
0.5835643
0.588775
0.55412114
0.59105116
0.5505497
0.5615221
0.5649111
0.5762658
0.5629041
0.5420745
0.5910562
0.57883924
0.5728929
0.58453286
0.5871766
0.59479415
0.53665423
0.567635
0.5947952
0.5871762
0.5630465
0.58410656
0.5839517
0.57800895
0.5375264
0.56269526
0.63241816
0.58394784
0.56461465
0.5740895
0.5780017
0.63240546
0.57431644
0.5966639
0.63290554
0.5700155
0.63921964
0.5464463
0.6399798
0.5604159
0.63729954
0.53442943
0.6264541
0.5796346
0.6072272
0.59349686
0.54825485
0.54154265
0.61727566
0.59206694
0.5579007
0.54729515
0.6980652
0.54914784
0.5581392
0.5691651
0.5696793
0.5721647
0.55585337
0.52745485
0.5591876
0.5774071
0.56983244
0.53649443
0.5724712
0.55745584
0.61366796
0.515231
0.6622226
0.5700702
0.56008995
0.5482195
0.5808185
0.58243465
0.5402843
0.5481398
0.6125428
0.5567244
0.5603624
0.5611829
0.5892686
0.5736505
0.5926501
0.5463269
0.6039744
0.57955587
0.5527955
0.5361874
0.5938465
0.58696556
0.5657776
0.5317414
0.6290714
0.57353836
0.5462826
0.5697635
0.62888044
0.59278816
0.5597035
0.5841231
0.6649167
0.60890836
0.55441403
0.5705983
0.5755055
0.5756225
0.5488907
0.5536582
0.5881218
0.57151544
0.5167735
0.51933557
0.6343606
0.5970557
0.56491244
0.5419371
0.5842888
0.57163286
0.5433315
0.5395175
0.6172098
0.5996386
0.55797017
0.5740909
0.5808743
0.60249275
0.6661303
0.54689336
0.58658135
0.5648002
0.54203236
0.54810196
0.5685308
0.5726995
0.55902314
0.5220272
0.57687324
0.59149027
0.5421002
0.5495676
0.5781582
0.5724249
0.5479449
0.5488271
0.5850649
0.60579735
0.567797
0.5483676
0.5773252
0.63534856
0.6731338
0.59661
0.5627123
0.67587763
0.5896794
0.6806009
0.5814466
0.5451299
0.57051337
0.558101
0.5867457
0.5668364
0.5357639
0.5418524
0.6185706
0.61162996
0.56092584
0.57154197
0.60246956
0.5571752
0.55050236
0.5460457
0.5970129
0.5869638
0.5484252
0.5446951
0.63478357
0.6050037
0.63655865
0.537394
0.5939328
0.5839121
0.59757435
0.5463515
0.59527194
0.5525545
0.5742124
0.5519324
0.61814564
0.57408327
0.5293224
0.553105
0.6145393
0.57947505
0.5642818
0.5725046
0.56383806
0.6236092
0.5596363
0.64398026
0.6004173
0.59735376
0.54238445
0.548223
0.5935205
0.6145767
0.5521455
0.5706527
0.58562857
0.5837349
0.5764137
0.53642833
0.59735656
0.5878227
0.5788185
0.57249504
0.6482427
0.5301273
0.6675198
0.58896786
0.64571303
0.5501659
0.63172764
0.5477771
0.5764938
0.59430593
0.54672253
0.5431495
0.5903272
0.60092854
0.5549807
0.5516431
0.594306
0.59032327
0.5805284
0.53575844
0.57174325
0.56800413
0.52357256
0.5675303
0.5883204
0.5726244
0.5076986
0.5076384
0.57155645
0.5939819
0.5525629
0.5597934
0.5753886
0.5874537
0.5356972
0.54741377
0.58745706
0.57538635
0.6685077
0.5671142
0.6355138
0.56429106
0.63014966
0.5445541
0.60223883
0.58396953
0.5719283
0.5832952
0.5839773
0.6022434
0.5423477
0.5885608
0.64738977
0.54220355
0.64921206
0.5537589
0.6486999
0.54441947
0.64450026
0.5544859
0.5897522
0.57372046
0.51422095
0.5504477
0.6048052
0.58975077
0.5369161
0.517479
0.57372296
0.60480773
0.57042736
0.6138927
0.56380725
0.5632998
0.5486594
0.54609877
0.5632978
0.5638034
0.4846841
0.52030015
0.637541
0.5739034
0.6295257
0.53457534
0.6341716
0.5488284
0.6673692
0.56896865
0.63992476
0.5094322
0.6464603
0.5453918
0.6449322
0.5255951
0.6158384
0.64844185
0.5878425
0.58863395
0.51906496
0.54447204
0.58863443
0.5878388
0.5392598
0.55169106
0.6234395
0.5353265
0.63082564
0.5769161
0.64783967
0.5580667
0.63752085
