0.60649604
0.6126538
0.5380628
0.53898084
0.6180238
0.5971634
0.5760838
0.562174
0.59775156
0.61674076
0.56206375
0.5704698
0.64164376
0.6200801
0.5787358
0.60472775
0.6458673
0.60806435
0.5791375
0.59354377
0.61882716
0.6106185
0.5626251
0.56791747
0.61218035
0.5951377
0.5715839
0.5818129
0.60890025
0.566457
0.55969584
0.593974
0.6150932
0.55118674
0.56858736
0.6096824
0.63846725
0.54385066
0.6114984
0.5988576
0.60397077
0.6270143
0.56602573
0.6219773
0.6266585
0.6245821
0.5357125
0.6142193
0.6344785
0.55990523
0.5958408
0.6207914
0.6090899
0.55963594
0.54552424
0.6258969
0.6401893
0.57285225
0.61037153
0.6365534
0.5775252
0.58526707
0.60774595
0.60705864
0.5411365
0.596377
0.5944809
0.5683488
0.5702576
0.6160841
0.63102883
0.5653226
0.5759445
0.6103898
0.59758544
0.56117946
0.57658356
0.64366996
0.6391967
0.5719232
0.5938817
0.60767806
0.5968269
0.5648733
0.5886704
0.61982465
0.6077015
0.5459083
0.5869446
0.5959469
0.6089147
0.5949036
0.54530805
0.5979534
0.614389
0.5867839
0.57726127
0.601609
0.59594136
0.57567954
0.5584149
0.61702794
0.62309396
0.5538781
0.5845375
0.6359532
0.6096807
0.5600979
0.5558067
0.5934131
0.61850566
0.6012162
0.6044851
0.58981615
0.63314074
0.54795885
0.60351
0.6385277
0.62260413
0.5954332
0.59856486
0.636124
0.60042876
0.5764095
0.5962965
0.6118609
0.63194036
0.5856468
0.5814894
0.6006752
0.63074225
0.5523461
0.5628787
0.64114904
0.62600535
0.561409
0.5861571
0.6139746
0.59943396
0.57332575
0.5821
0.59831333
0.6204075
0.6134342
0.59956807
0.5880816
0.60231507
0.5279019
0.58103573
0.6159402
0.62984776
0.5706258
0.56923056
0.58552915
0.5713835
0.58293146
0.5845798
0.59949
0.58778256
0.593954
0.55128396
0.5713807
0.59341156
0.5693618
0.58509797
0.5834624
0.58670604
0.5519192
0.5972585
0.5757072
0.57294935
0.5516523
0.57977
0.5988065
0.5799891
0.5395656
0.57654977
0.59356713
0.58337694
0.58432907
0.59773445
0.61026466
0.5958355
0.5986749
0.61367834
0.6027078
0.59433675
0.5701811
0.6297662
0.61634517
0.5678853
0.5742244
0.63048655
0.60361755
0.56176347
0.5986954
0.5844333
0.60758275
0.561048
0.57850003
0.600653
0.5956077
0.57491004
0.5799936
0.59105694
0.5841848
0.54403347
0.5945501
0.6217459
0.5640923
0.5727712
0.59715503
0.595104
0.5934392
0.5589042
0.59521836
0.6177466
0.5524816
0.54990846
0.5898538
0.6189459
0.5958037
0.60287184
0.5874263
0.6025197
0.5728584
0.58541197
0.5999837
0.62129164
0.5760224
0.60630184
0.6027102
0.63070524
0.5452386
0.57051396
0.5928614
0.6133664
0.5825633
0.5688292
0.61446786
0.62194884
0.5573513
0.5858118
0.58287174
0.6204472
0.53882086
0.5982777
0.62819916
0.5750499
0.56725806
0.60724914
0.6198653
0.5718122
0.5834508
0.598006
0.599234
0.5749071
0.55883265
0.64161587
0.6011543
0.59184474
0.5977988
0.60225224
0.5765979
0.5477678
0.62815154
0.58367795
0.5706137
0.6100296
0.65274715
0.6414491
0.59980947
0.6330516
0.6477727
0.6298638
0.5914293
0.5859311
0.66187316
0.63466537
0.60897475
0.64318705
0.6303271
0.647906
0.57598174
0.61490756
0.650302
0.6327487
0.6161634
0.5827217
0.6472502
0.6006324
0.55986595
0.5720016
0.6559063
0.6445283
0.58436066
0.6214124
0.6154587
0.6445561
0.5952381
0.6164687
0.60032916
0.6433594
0.5619547
0.6466941
0.5684689
0.66758364
0.62863165
0.5780926
0.58223534
0.6307908
0.6480673
0.59671426
0.5659943
0.5975035
0.58888155
0.60143864
0.57784086
0.5961254
0.6552222
0.54472
0.5843947
0.6626596
0.6220176
0.5913797
0.5905422
0.65245396
0.6074972
0.63075066
0.60483974
0.65053266
0.635034
0.5758491
0.6137502
0.64841765
0.5785077
0.5909535
0.60710543
0.6507135
0.594664
0.5674539
0.64925075
0.63983583
0.55431336
0.6072439
0.64292526
0.6376847
0.5836207
0.5650677
0.6544408
0.64151216
0.59210795
0.56940866
0.6333621
0.6456052
0.56723285
0.57496196
0.64175767
0.6404165
0.57847667
0.58187276
0.6369943
0.6347323
0.5577527
0.56529146
0.6431466
0.6263553
0.5905121
0.5996402
0.62989944
0.64568037
0.53994286
0.6359686
0.6421388
0.5866365
0.5556143
0.57917047
0.6269535
0.57852995
0.5785518
0.5813281
0.6545078
0.6486795
0.58031356
0.5837159
0.66095644
0.59102416
0.581492
0.5890307
0.6467559
0.63811
0.58921313
0.5731579
0.64801943
0.6378829
0.6095086
0.5690561
0.6530085
0.58780736
0.5900442
0.6132972
0.63832706
0.6476159
0.5785311
0.57889485
0.639092
0.6186343
0.5914451
0.5614309
0.633378
0.63709974
0.593065
0.57180256
0.6407674
0.6375176
0.5957911
0.5891954
0.6138938
0.6518063
0.58006144
0.5687471
0.6406847
0.6229216
0.572341
0.6338702
0.6237174
0.58095914
0.5843008
0.63389385
0.6383859
0.6006306
0.6300623
0.5956718
0.5921951
0.5739451
0.65715885
0.6531348
0.62799096
0.5961984
0.6340956
0.6290412
0.55221677
0.56386304
0.60135245
0.6379509
0.5947814
0.59567475
0.6469217
0.6459975
0.62330055
0.60935676
0.6043364
0.6002846
0.5776391
0.62593293
0.59402007
0.57677954
0.57254815
0.64062697
0.64566463
0.56491
0.5726739
0.6145921
0.6491032
0.5887153
0.5947286
0.60252887
0.64035773
0.5821663
0.5859694
0.6305474
0.6449147
0.60338897
0.6412987
0.65328825
0.5832032
0.5710452
0.6395142
0.60485786
0.5790774
0.54003316
0.6377423
0.6254317
0.55973715
0.6081195
0.6446982
0.65129447
0.60924983
0.614047
0.63766026
0.6305319
0.5508295
0.6063817
0.6366459
0.6401056
0.61154616
0.58631355
0.6192267
0.63412225
0.5511538
0.6262272
0.61694425
0.63062143
0.61598057
0.58044076
0.5897236
0.56697506
0.573101
0.6085048
0.5668967
0.57568187
0.5696184
0.62014544
0.5831662
0.57192403
0.5842463
0.60004884
0.5779873
0.5831774
0.5653399
0.5779883
0.5477439
0.6026249
0.58044976
0.58951694
0.614634
0.58116084
0.59627825
0.5600778
0.62149256
0.60201806
0.5811546
0.570605
0.5371895
0.58613586
0.58881754
0.568646
0.5801939
0.5721016
0.6103212
0.5643157
0.5898241
0.6062217
0.6022668
0.5859704
0.5271173
0.58974844
0.5868095
0.536265
0.55546
0.6347755
0.58754337
0.5584587
0.611056
0.6188658
0.60901874
0.54611677
0.59520465
0.5761408
0.58260524
0.5318521
0.5962937
0.57885635
0.5879299
0.58317447
0.5758382
0.5927243
0.5926274
0.5661336
0.6562138
0.6026043
0.5579631
0.55290234
0.5759053
0.58638936
0.5987648
0.58083713
0.6193963
0.5909688
0.60618484
0.5611693
0.5909636
0.57653093
0.59339935
0.5912811
0.6331588
0.6026367
0.57870156
0.6020685
0.5729151
0.59285593
0.55567515
0.5694771
0.65867025
0.58175904
0.6287361
0.6101079
0.60381776
0.5694745
0.57743984
0.58583117
0.6233232
0.56311584
0.58878756
0.57894367
0.5858215
0.5832648
0.56696767
0.6026467
0.6114118
0.54875046
0.5909023
0.59647435
0.5638147
0.580156
0.5952413
0.61270803
0.5527354
0.558018
0.589127
0.6141492
0.53687763
0.582996
0.5832543
0.60264677
0.5849887
0.5648261
0.59264463
0.5920958
0.5821685
0.5814584
0.59209776
0.59090084
0.5458094
0.57982
0.592392
0.5891274
0.58035463
0.58008176
0.63091516
0.6344071
0.6161756
0.58851886
0.60926545
0.62850654
0.58011925
0.5517975
0.60448074
0.6121832
0.60385853
0.54650223
0.61466694
0.623174
0.5492728
0.57233536
0.56755507
0.5470384
0.5597868
0.5844714
0.5599874
0.59282887
0.5849214
0.58245575
0.567559
0.58996457
0.5906953
0.5721187
0.5939308
0.5474895
0.5027296
0.5833376
0.56058985
0.56457126
0.5493169
0.5465583
0.57523173
0.5737725
0.54912114
0.580932
0.5720127
0.5590766
0.5608915
0.6141364
0.6181937
0.58733773
0.586937
0.61819935
0.6121483
0.5853378
0.562952
0.5853212
0.593509
0.5631058
0.58830583
0.58252716
0.596953
0.56562454
0.5547143
0.5989569
0.5965767
0.56712383
0.59635854
0.5935073
0.59891385
0.5656541
0.5530082
0.58633214
0.610884
0.54784477
0.5532324
0.61282605
0.59773076
0.5691502
0.54911745
0.55794233
0.6008682
0.6343756
0.59463114
0.5535708
0.57652247
0.617094
0.5506961
0.58943653
0.5787596
0.5949004
0.57720774
0.60083646
0.5976373
0.5607666
0.58095896
0.54677016
0.62472373
0.613777
0.5681319
0.566964
0.60364205
0.5965597
0.56373817
0.5629308
0.5956569
0.5899909
0.55627
0.5676504
0.59098417
0.61999667
0.56211746
0.5459058
0.6266672
0.5967701
0.5739916
0.54524463
0.63346773
0.57538897
0.60570896
0.6046262
0.5943947
0.60206616
0.55885077
0.55022043
0.5907337
0.590985
0.54743296
0.5647545
0.600711
0.59055483
0.5677118
0.5904495
0.58870256
0.5943952
0.5688416
0.5709763
0.62667346
0.60010433
0.5767005
0.56907785
0.58753955
0.6259061
0.551651
0.58069676
0.6119256
0.61150646
0.58400655
0.60283935
0.6389629
0.5862155
0.58714736
0.58305514
0.5813355
0.56328106
0.55726165
0.6389622
0.6048118
0.598978
0.58133626
0.5983502
0.5624227
0.58689713
0.58275735
0.58702374
0.5730896
0.5766687
0.59351337
0.60552746
0.55758786
0.58901185
0.6037211
0.6085501
0.5682682
0.56870604
0.6223495
0.644525
0.55820537
0.56411797
0.63009906
0.63327336
0.64455634
0.5840655
0.62281626
0.6055159
0.58319956
0.5596595
0.63979626
0.6271825
0.60298693
0.6369155
0.6037725
0.5831547
0.549148
0.60431606
0.62755877
0.5467789
0.5833733
0.6126098
0.5957705
0.57831025
0.5359949
0.6290836
0.6035982
0.5499079
0.6091327
0.625973
0.62730396
0.6015487
0.5485623
0.5859037
0.61001986
0.55037373
0.56382334
0.61601865
0.6283046
0.5448115
0.58213216
0.6490028
0.6305131
0.5993226
0.60888755
0.6150924
0.6111535
0.5794657
0.5563034
0.62516713
0.62613624
0.57502955
0.5663223
0.6397993
0.63311625
0.59962225
0.57354355
0.60296917
0.6186434
0.5929627
0.5748508
0.62350464
0.58553714
0.5760298
0.55379224
0.63012135
0.631158
0.58922565
0.58943325
0.60902905
0.64862853
0.5528421
0.5841933
0.6433116
0.6323466
0.58954406
0.57874614
0.6310393
0.59636724
0.6041868
0.555974
0.62882924
0.6082861
0.58256656
0.588907
0.6357227
0.63339907
0.57507825
0.58567095
0.6111986
0.6337212
0.587256
0.607734
0.6092773
0.5945824
0.5939715
0.57248783
0.6176019
0.6431645
0.5939536
0.5695797
0.60307515
0.6333822
0.59013695
0.6265012
0.6117743
0.54648244
0.55388767
0.6196566
0.6074015
0.5747784
0.5669926
0.62384856
0.5918958
0.55402297
0.55201226
0.6239311
0.6258821
0.60511154
0.57000273
0.61962
0.6271654
0.5517149
0.562738
0.612087
0.6114869
0.6091756
0.5704201
0.62372553
0.62154186
0.5996757
0.5762632
0.61058104
0.6018796
0.5447838
0.5695713
0.6174413
0.6004468
0.58354414
0.55701584
0.61694163
0.6362688
0.5771233
0.58479166
0.6134563
0.6398995
0.5878162
0.56494117
0.60782665
0.631644
0.5960051
0.5870307
0.6100351
0.6220524
0.5694308
0.57889175
0.6231564
0.60271674
0.56024766
0.5698912
0.6099162
0.6169729
0.5544117
0.5786509
0.6242894
0.60760105
0.5478876
0.6027081
0.6208378
0.58164734
0.5784186
0.63164014
0.6181139
0.5777111
0.60076606
0.59524536
0.6419332
0.573028
0.5763394
0.6084288
0.63263875
0.5715414
0.5594351
0.6350778
0.60603577
0.56221217
0.5644577
0.6412204
0.6041471
0.60837907
