0.6872472
0.7778203
0.7778032
0.74157137
0.6798064
0.76145285
0.76145345
0.5898924
0.64354813
0.7643845
0.7643703
0.70326203
0.68197846
0.7569124
0.7569004
0.6465395
0.7048704
0.7881165
0.7881031
0.7332993
0.6445721
0.7756942
0.7756857
0.6620778
0.6323556
0.7431564
0.74314976
0.7251784
0.6693169
0.78246874
0.78246474
0.638237
0.6678333
0.8100436
0.81004
0.6093337
0.6139031
0.7921137
0.7921069
0.70178
0.6068156
0.705941
0.70594317
0.6219192
0.6342996
0.75018084
0.75017774
0.6461685
0.69491374
0.7684954
0.76849276
0.66253674
0.64587444
0.78912777
0.7891288
0.61940634
0.61723006
0.77696973
0.77697045
0.64851475
0.6665472
0.8123587
0.81235546
0.656765
0.70381325
0.7996564
0.7996562
0.6850335
0.619966
0.77816373
0.7781671
0.6918874
0.59350526
0.76498765
0.7649801
0.61565906
0.6337214
0.8205936
0.82058835
0.62791914
0.6224239
0.7876947
0.7876905
0.63246125
0.6060963
0.78481543
0.7848051
0.6288508
0.6181315
0.80688864
0.80688846
0.68219334
0.6363821
0.78109723
0.781082
0.63749236
0.6506063
0.83462805
0.83462954
0.73989993
0.6863379
0.7771685
0.7771553
0.66395533
0.7152433
0.79452413
0.79452264
0.730876
0.634542
0.8100936
0.8100887
0.6523673
0.63571143
0.76114464
0.76113904
0.6570305
0.6815607
0.81391037
0.8139129
0.6722266
0.616828
0.74828815
0.74828005
0.6927716
0.60431343
0.67307097
0.67307
0.6064685
0.6299786
0.7958358
0.7958305
0.6527569
0.62922025
0.791024
0.79102945
0.6278478
0.649803
0.79296345
0.79295236
0.65347636
0.64811265
0.8038963
0.8038947
0.6640441
0.63405365
0.80203736
0.80202323
0.62868476
0.6237167
0.810381
0.81038636
0.6957889
0.57492673
0.6527926
0.65279835
0.697749
0.62119126
0.8333399
0.8333389
0.65986353
