0.63215345
0.62519485
0.5340896
0.5950185
0.6193854
0.61996955
0.5945418
0.55464286
0.6322435
0.62643754
0.5910404
0.5410835
0.6154608
0.6321495
0.58680445
0.5376779
0.62934554
0.6266869
0.5582523
0.51891524
0.61855704
0.6154603
0.55557877
0.5445302
0.6242007
0.6443918
0.52575505
0.5882093
0.626866
0.6396057
0.5275209
0.5677049
0.63533163
0.62977755
0.52967966
0.547071
0.629783
0.6353267
0.56807387
0.5292974
0.63540363
0.63749623
0.5841803
0.5243834
0.6440649
0.6241957
0.5523141
0.51303405
0.64198273
0.64263296
0.5934827
0.5958922
0.64496607
0.6395057
0.5223776
0.6184559
0.6435685
0.64796567
0.53277546
0.59023476
0.6382282
0.6307219
0.56926286
0.6088771
0.62395626
0.6278202
0.6030855
0.5396094
0.6344334
0.61167246
0.54879147
0.55760944
0.61794096
0.63197047
0.5506213
0.5592045
0.62531036
0.61105865
0.5807107
0.5415948
0.62479234
0.6310027
0.59740764
0.5547397
0.6234466
0.61086
0.53496987
0.55456847
0.6179411
0.6234425
0.5470628
0.56248456
0.62053704
0.60987246
0.57275456
0.5942861
0.6078116
0.63405925
0.6100621
0.603686
0.6426171
0.6358603
0.5818843
0.5628348
0.6014812
0.65024763
0.53592515
0.5552022
0.62948775
0.63934493
0.54174364
0.54121935
0.63934773
0.6274822
0.5250889
0.5865723
0.61775315
0.6078078
0.56519717
0.5717382
0.6228326
0.6256479
0.5464255
0.5520158
0.62761736
0.6189756
0.59134007
0.58007425
0.6228026
0.6296782
0.5715867
0.58976007
0.62148416
0.6185287
0.6018212
0.5938181
0.6256505
0.6180866
0.55209684
0.57218325
0.6186772
0.6121073
0.5633037
0.57960165
0.62066567
0.6210797
0.5248421
0.5848888
0.62538534
0.62866455
0.5143416
0.5180217
0.6260289
0.6317989
0.5384134
0.58940876
0.63180125
0.6276047
0.546011
0.53432125
0.6254801
0.6206611
0.52063775
0.54969907
0.5945201
0.6175666
0.55771613
0.5697024
0.6195674
0.6183464
0.5289937
0.585153
0.63396466
0.6203645
0.57022417
0.5262249
0.6183514
0.6339622
0.5782341
0.5885121
0.6203684
0.62262344
0.589607
0.53801936
0.6069513
0.6092549
0.5976778
0.5950037
0.5904694
0.5964283
0.5546955
0.54461956
0.6156406
0.633211
0.5481347
0.5409765
0.6343243
0.62249285
0.58797157
0.5916835
0.6332162
0.6281434
0.5253699
0.5716257
0.62262136
0.60613316
0.54505175
0.5546519
0.6375351
0.62158626
0.5426554
0.5616581
0.6220965
0.6092324
0.59400773
0.5584916
0.6275248
0.62932116
0.5452963
0.5443482
0.620549
0.62562877
0.59524363
0.530774
0.6312387
0.63082844
0.54811656
0.5405996
0.61797845
0.620544
0.55474406
0.5367298
0.62257177
0.62054545
0.574265
0.5447002
0.62680286
0.61028266
0.59643924
0.56504947
0.6163258
0.6122004
0.52335376
0.5888118
0.61028767
0.61475784
0.52633154
0.50136477
0.6046358
0.61482036
0.53780425
0.5953161
0.61327225
0.6119156
0.52581215
0.517116
0.62231433
0.6177108
0.5501986
0.5432332
0.6175415
0.6198618
0.5752484
0.528009
0.6177138
0.61339486
0.5362947
0.536613
0.61443275
0.6170956
0.551278
0.5794445
0.6133978
0.6162117
0.5289253
0.5563025
0.6336998
0.64613473
0.6026297
0.53504366
0.646137
0.6514973
0.60322714
0.61020476
0.64373595
0.64385855
0.597278
0.5997408
0.6441691
0.64373434
0.6090343
0.5976488
0.64755696
0.6337008
0.5800202
0.54375243
0.6429466
0.6486194
0.548591
0.53593796
0.6019558
0.61074513
0.55165243
0.5369268
0.6107498
0.6087856
0.5781241
0.5471462
0.6085501
0.59862053
0.5608033
0.5750779
0.60310584
0.5975456
0.5759997
0.5268724
0.6021441
0.5923142
0.59597266
0.52425313
0.62680966
0.62169933
0.5439272
0.5439265
0.62964803
0.6217791
0.54656094
0.5462907
0.62359434
0.6239952
0.54531413
0.54695004
0.62178093
0.6094327
0.578248
0.5348745
0.61727345
0.5956781
0.5551696
0.5340191
0.61037314
0.61643285
0.58828014
0.57306534
0.6029167
0.60584235
0.5471037
0.52691096
0.61071163
0.6199336
0.5688117
0.5710387
0.6055443
0.61647373
0.58853537
0.581234
0.6164003
0.6103716
0.5800845
0.57887715
0.61060876
0.60599464
0.53516126
0.5415053
0.6111762
0.61124057
0.54331297
0.51813406
0.6094296
0.6031181
0.539297
0.5841282
0.61297303
0.6087651
0.5320026
0.59095186
0.60163695
0.6044881
0.51463276
0.577635
0.6209799
0.61041975
0.57485956
0.5290438
0.61531895
0.6272291
0.5448958
0.53339326
0.631374
0.62704545
0.55701095
0.584819
0.62511164
0.62610894
0.58546
0.55476254
0.6158842
0.615222
0.60463375
0.5267388
0.6278778
0.61804014
0.54208076
0.58859384
0.62472624
0.63070005
0.5253242
0.6126896
0.61804605
0.62281793
0.5356555
0.5421338
0.63394654
0.6330503
0.5438393
0.5594748
0.6228211
0.61185926
0.588024
0.5247109
0.64045686
0.6235475
0.54887795
0.5837202
0.6235543
0.64249754
0.5575435
0.5809288
0.64007586
0.6320055
0.5573911
0.52141756
0.63200825
0.629822
0.55231535
0.54696876
0.6298264
0.6123552
0.5705185
0.55553424
0.64946973
0.63663954
0.5214362
0.6012272
0.64200896
0.64612114
0.5520803
0.556361
0.64661366
0.6418424
0.5911665
0.53326786
0.6410692
0.6439461
0.5430952
0.54503834
0.6439462
0.63415045
0.55308306
0.5441564
0.6096532
0.6042813
0.5517253
0.5931098
0.61932695
0.6127463
0.5820776
0.5221427
0.61610264
0.61687744
0.5273016
0.5925754
0.6088846
0.6148439
0.5475144
0.52361745
0.61274743
0.6110755
0.538813
0.5324549
0.66533506
0.6625487
0.54435384
0.6113866
0.66774267
0.6645835
0.5262879
0.5756145
0.6621818
0.6670541
0.53033644
0.5821803
0.66748816
0.6587204
0.5311013
0.5625692
0.62479585
0.66053903
0.5844234
0.54149014
0.6457974
0.6244429
0.53829587
0.5605964
0.63749003
0.6397329
0.54532367
0.5917448
0.6413719
0.6346826
0.53888345
0.597828
0.6259671
0.63482565
0.60648
0.5951547
0.6404111
0.6241944
0.56738406
0.59351826
0.6369174
0.63251525
0.61019814
0.57464427
0.6333676
0.63046074
0.58766377
0.5931147
0.5816769
0.6225452
0.57455504
0.5888976
0.5909245
0.6244969
0.59999686
0.54712
0.63008046
0.5998119
0.53753614
0.5514444
0.59549016
0.58167547
0.5769173
0.559397
0.6006295
0.63216233
0.5605418
0.5730069
0.5932354
0.6249328
0.55243695
0.5662824
0.63397956
0.62955576
0.53631485
0.5931298
0.636554
0.62694114
0.5756894
0.6129602
0.613257
0.6452497
0.59158593
0.5884095
0.6292206
0.6336416
0.55607176
0.58516574
0.6196268
0.6292187
0.5489689
0.5844164
0.6285417
0.6107873
0.5921952
0.6007622
0.6405685
0.64306927
0.54303813
0.531549
0.642727
0.6421045
0.5973211
0.568134
0.6421074
0.64355916
0.60441774
0.5401974
0.6430716
0.6405643
0.52930266
0.53971404
0.62270516
0.62420744
0.59151727
0.56312734
0.61856604
0.6095885
0.5907676
0.53850204
0.6125213
0.617841
0.54363716
0.5831956
0.6256385
0.61374927
0.5905285
0.56923646
0.6072935
0.6169275
0.53305185
0.52979153
0.61428684
0.613425
0.53004223
0.6044849
0.6204588
0.61584795
0.5552826
0.5834189
0.6169315
0.60489744
0.5434494
0.5406456
0.5977787
0.6082776
0.57337105
0.5197988
0.60851294
0.6072045
0.51667
0.53147626
0.61572313
0.6082503
0.5191217
0.5448145
0.6082523
0.58298284
0.568302
0.519479
0.5863623
0.59777534
0.58000284
0.5591393
0.609203
0.6130863
0.5339366
0.5578305
0.6351687
0.63932526
0.55876654
0.5533195
0.6401396
0.6285208
0.6114759
0.5546879
0.63866246
0.63516617
0.59889215
0.5440377
0.6396345
0.6386576
0.5550734
0.5559663
0.62535423
0.6374763
0.5529702
0.5520285
0.627931
0.64361244
0.62325543
0.59890217
0.6340937
0.6343144
0.58848614
0.53309363
0.6204727
0.63044536
0.5241799
0.59043014
0.63001716
0.6383124
0.5806812
0.59087694
0.63831306
0.624226
0.53678626
0.5792624
0.63232964
0.6420783
0.60145634
0.5319958
0.6245287
0.6121154
0.5702034
0.53878003
0.646109
0.65572166
0.55669785
0.5565461
0.64547056
0.64500356
0.54113436
0.5406041
0.6544533
0.6503005
0.55748886
0.6133658
0.6431608
0.64610493
0.61465853
0.58158934
0.6486598
0.64727485
0.58970815
0.5432025
0.64484274
0.6482033
0.5763066
0.5450238
0.63827145
0.62431926
0.6070289
0.5368469
0.65521115
0.609455
0.6103036
0.5969054
0.650158
0.6507915
0.61608976
0.56894207
0.65695405
0.6501561
0.54247636
0.59010774
0.63919324
0.63730437
0.5945937
0.5940292
0.60945994
0.61087525
0.5637193
0.5756593
0.6253604
0.63613313
0.6239354
0.5376413
0.64214045
0.64516413
0.5611397
0.5522214
0.6323143
0.6350917
0.5324013
0.5803763
0.6219486
0.63075626
0.52537686
0.54123706
0.63509405
0.6265307
0.5892268
0.5360293
0.6315037
0.61722404
0.54203373
0.55958307
0.60732967
0.6067304
0.5739681
0.5474805
0.60409254
0.60732794
0.55176926
0.53113806
0.6098692
0.6235463
0.54741067
0.5984772
0.59967655
0.6166219
0.53585017
0.51701546
0.63039136
0.6098648
0.5889773
0.56719923
0.623552
0.5996761
0.5911086
0.5443862
0.6396278
0.6454227
0.55367917
0.54707825
0.64423573
0.6091514
0.5446439
0.5443629
0.6323102
0.6565787
0.53388023
0.585217
0.63783497
0.6447519
0.61519414
0.58854085
0.6330591
0.6278351
0.5440805
0.5675135
0.62609774
0.5915617
0.61398304
0.57435536
0.6280603
0.63604146
0.59341294
0.54813826
0.62217546
0.62806016
0.53333414
0.5771144
0.5942296
0.62310046
0.59116626
0.55748534
0.6291996
0.61283743
0.55726963
0.55301577
0.623736
0.6248804
0.61832875
0.5624651
0.61542094
0.58423764
0.5629308
0.5930795
0.6399898
0.6274382
0.5322273
0.5580234
0.6338048
0.64325124
0.60361934
0.5941418
0.6359961
0.6424967
0.53942454
0.5412863
0.6290866
0.63908434
0.5830418
0.605359
0.64214694
0.6355611
0.5370549
0.5578491
0.62996143
0.63148683
0.5408668
0.5855582
0.609504
0.61068237
0.5470468
0.53344566
0.62926537
0.63830274
0.50904256
0.53899556
0.6272497
0.62472856
0.5349533
0.54772043
0.63511175
0.64377415
0.56770855
0.5425487
0.6156255
0.6234268
0.53541857
0.56614083
0.6247311
0.6228843
0.5418979
0.55006087
0.6535858
0.63765115
0.6043976
0.5507804
0.65216815
0.65586144
0.5945855
0.61675733
0.63974696
0.65707034
0.60585403
0.5688957
0.6256357
0.6397439
0.57500595
0.58283186
0.66469693
0.6342162
0.5521196
0.5332864
0.6330928
0.6256353
0.5293755
0.5630084
0.6289056
0.650512
0.6043282
0.53931105
0.6438002
0.6319497
0.52801335
0.59084076
0.6520607
0.64260024
0.5549837
0.5539641
0.6281277
0.65205723
0.5421712
0.5307321
0.6411864
0.6378119
0.53201956
0.5453066
0.63124204
0.6289061
0.5661819
0.55238974
0.64669234
0.6479954
0.5931995
0.59527576
0.64821017
0.6428528
0.554222
0.5805158
0.63361204
0.65654224
0.58901393
0.5997217
0.64399374
0.639489
0.60776997
0.5448204
0.6452583
0.64124286
0.55185777
0.5952016
0.629761
0.6336125
0.53273064
0.5794629
0.6361111
0.63648415
0.5893685
0.54896635
0.6447891
0.63292325
0.5700043
0.56756413
0.6432
0.64484364
0.5661116
0.5684967
0.63161296
0.6376943
0.57826173
0.55266196
0.64775884
0.6431991
0.55234736
0.589739
0.63648754
0.6361102
0.55657905
0.5886398
0.62191164
0.625814
0.56685907
0.55005825
0.6216828
0.6159622
0.55241036
0.59201276
0.6227328
0.6212174
0.5410253
0.5429655
0.5998385
0.60859245
0.5939008
0.536298
0.6179032
