0.58366376
0.5981137
0.53688216
0.6094448
0.60461724
0.59572667
0.56985664
0.538381
0.5799301
0.55670613
0.5373959
0.61478317
0.59986156
0.579385
0.53620964
0.59602225
0.5898365
0.5716672
0.5445885
0.6184596
0.58358747
0.54152507
0.5970535
0.61180425
0.5480987
0.538565
0.6312423
0.58165276
0.5624745
0.53387004
0.59789854
0.6347261
0.5586233
0.58062196
0.63090056
0.5901428
0.5492453
0.55550104
0.59572726
0.6048014
0.54891354
0.55587196
0.6222424
0.63051426
0.55034715
0.54730517
0.59001875
0.56079096
0.6355449
0.56656724
0.58662343
0.633264
0.576304
0.5704747
0.601383
0.60308707
0.5449564
0.55341107
0.62804335
0.57161874
0.5582733
0.5932835
0.58665466
0.5691283
0.5840794
0.6377483
0.63204646
0.5718179
0.58896446
0.6289803
0.6433523
0.59352535
0.6167225
0.67325926
0.66905594
0.59474796
0.5702969
0.6320599
0.67698085
0.5805532
0.6251599
0.6690653
0.6863609
0.59827125
0.5947437
0.63848186
0.62898064
0.59343415
0.5830598
0.612884
0.5703371
0.5873537
0.5430309
0.62610745
0.57512295
0.58484405
0.58708847
0.58505213
0.62074834
0.5580857
0.5920549
0.57797223
0.6133267
0.5437544
0.5435778
0.5774457
0.5732909
0.55533624
0.5558469
0.6243613
0.56831825
0.5421812
0.5326561
0.66239536
0.6480743
0.5501934
0.56281054
0.6668126
0.63718104
0.58335406
0.56717765
0.5769665
0.5963062
0.58532524
0.58402973
0.6547955
0.599904
0.5813919
0.5807092
0.6470816
0.5719646
0.5680494
0.5957925
0.6568366
0.6362595
0.56204504
0.5858666
0.5942597
0.5828158
0.59016466
0.5579923
0.60394925
0.57223815
0.59458846
0.5585833
0.5868644
0.59529537
0.5799869
0.5716572
0.60004073
0.6052441
0.5488241
0.5524707
0.58618855
0.5886423
0.5776939
0.5374666
0.5996528
0.6039474
0.5762483
0.56278783
0.6074497
0.5957686
0.5399807
0.5225065
0.58642167
0.5732889
0.55650496
0.5713327
0.6072607
0.6076787
0.5623446
0.563436
0.62370384
0.5861161
0.55067873
0.5674498
0.5963709
0.61230105
0.5808822
0.569303
0.6039005
0.600039
0.5629389
0.58754295
0.64976317
0.64762676
0.5674463
0.5981682
0.65886724
0.6518054
0.5447971
0.57882965
0.646749
0.65535784
0.55599827
0.5650709
0.65486467
0.6437959
0.5761387
0.5368329
0.65415
0.6386332
0.5610315
0.5487452
0.64799124
0.65414923
0.57407576
0.5860079
0.611025
0.6397019
0.53798425
0.58312255
0.6177444
0.64519775
0.54734004
0.52961785
0.6322878
0.6278995
0.540378
0.5386483
0.62313026
0.63678247
0.5580243
0.5478285
0.6123609
0.61959136
0.56173664
0.56605023
0.59988016
0.62994576
0.54712284
0.5450834
0.66011196
0.6474192
0.5723604
0.60471624
0.6513663
0.6177466
0.5766915
0.53923965
0.65170133
0.6507035
0.5474407
0.55984396
0.66081935
0.5975118
0.59618086
0.5671013
0.62113065
0.5990927
0.5405356
0.6252007
0.649013
0.5487363
0.5430461
0.63821405
0.5827315
0.56030935
0.57111025
0.57966346
0.57980335
0.5689767
0.57047474
0.56747156
0.6431254
0.5676938
0.5538322
0.63796693
0.5821099
0.56001544
0.56489986
0.5786498
0.5888226
0.58664507
0.536668
0.57700586
0.592676
0.5342945
0.59019876
0.6362452
0.5842593
0.5723626
0.58037674
0.60133666
0.5801041
0.56057423
0.5867644
0.6245281
0.56874007
0.5595444
0.58729726
0.5787722
0.5478053
0.5646258
0.6229565
0.5799428
0.564241
0.5878887
0.5901119
0.60094196
0.5384482
0.58244306
0.5854193
0.57976264
0.55735314
0.54546434
0.5886834
0.6193872
0.5325184
0.5558741
0.5970803
0.6190743
0.5662161
0.5718901
0.581064
0.5863579
0.5479139
0.5662842
0.5888296
0.60090005
0.52901125
0.6034106
0.5686047
0.5738152
0.55496293
0.61275667
0.59634405
0.5628939
0.5661105
0.622232
0.5931794
0.55639505
0.54930264
0.61805934
0.5578004
0.54729396
0.6104109
0.60005534
0.5356827
0.5931189
0.62171847
0.6130733
0.56239814
0.54732203
0.6211004
0.5862875
0.5481925
0.5747369
0.66813695
0.5592592
0.59318376
0.61732477
0.53594553
0.5418217
0.60675335
0.61275417
0.5708147
0.5628693
0.6075749
0.60753644
0.59128845
0.55985856
0.66052634
0.5612129
0.56625897
0.60769373
0.5717681
0.6302431
0.6288275
0.5832997
0.5620288
0.6261415
0.6142372
0.55491984
0.56881154
0.615759
0.61252266
0.5501653
0.5925049
0.61968166
0.6192399
0.5389136
0.5436377
0.6181758
0.6362815
0.5507676
0.55182254
0.6160642
0.5884307
0.54775304
0.561523
0.6119017
0.63797295
0.57456535
0.5776417
0.6197561
0.61679393
0.5883653
0.5606799
0.62352896
0.628362
0.5510068
0.5885921
0.6289105
0.6181784
0.5698783
0.5519142
0.62215275
0.6118958
0.5665927
0.54948694
0.6250284
0.61905897
0.5788765
0.5572567
0.62030816
0.6293596
0.63702446
0.58007735
0.63728696
0.6340397
0.5631565
0.5474897
0.6632809
0.644108
0.56036067
0.6053946
0.656339
0.6563401
0.55283993
0.5698463
0.6343953
0.6203104
0.5732159
0.5682192
0.63404626
0.6382408
0.5640933
0.6122848
0.64706385
0.64859295
0.6123127
0.53568166
0.647638
0.6522243
0.535231
0.5329462
0.6469168
0.6517931
0.5776024
0.5925555
0.64859796
0.64706135
0.55253834
0.54528886
0.65189373
0.6503258
0.56774944
0.5888855
0.6503293
0.64763606
0.60425186
0.558256
0.57363653
0.5911187
0.54624146
0.5657209
0.5771924
0.56794167
0.57416856
0.52738255
0.5724381
0.5883625
0.57025754
0.55594546
0.6226577
0.56491077
0.5461382
0.55664563
0.6267683
0.58767724
0.5478555
0.53022385
0.5864021
0.56662506
0.54449993
0.5239635
0.6425364
0.56583345
0.57274586
0.57451534
0.63620865
0.6469737
0.59466755
0.5310825
0.6386243
0.64772075
0.56529963
0.562859
0.6452692
0.6395988
0.53412366
0.6446677
0.5817123
0.53671783
0.5757321
0.5940741
0.5747738
0.5580656
0.53762275
0.6205103
0.60819644
0.57419866
0.5793544
0.60916376
0.57861185
0.64740807
0.5474079
0.61114293
0.575317
0.5546266
0.55393946
0.5583781
0.6035359
0.56857866
0.5593675
0.61992073
0.59107727
0.5981769
0.5283412
0.5727852
0.58383006
0.57705545
0.56252885
0.6380235
0.67245936
0.5493242
0.5258811
0.61823034
0.59365135
0.56828785
0.5784515
0.6735544
0.6706908
0.58549255
0.5384269
0.6072897
0.6659698
0.56526655
0.56096053
0.64276206
0.5795908
0.5641673
0.5622426
0.6828068
0.6601573
0.58395416
0.56206757
0.60627836
0.6272723
0.5535174
0.5605594
0.6520857
0.61418146
0.599358
0.59243065
0.62400323
0.6068248
0.58945686
0.5703958
0.5958158
0.62400585
0.54261905
0.57476413
0.6068303
0.61487997
0.58732986
0.5200424
0.63516456
0.6520859
0.58245504
0.5631679
0.6136185
0.606779
0.557363
0.54884076
0.6236151
0.60363525
0.578331
0.5491705
0.60635287
0.6213259
0.5325007
0.5320632
0.62711567
0.6232248
0.5450682
0.546036
0.60228306
0.62839264
0.54908526
0.56876934
0.6283947
0.62960184
0.5547402
0.53224987
0.66686887
0.6678897
0.5586084
0.5719306
0.6665525
0.65928113
0.5510323
0.60811263
0.6780756
0.6664564
0.55849594
0.55360717
0.66534793
0.67059845
0.57183355
0.57152027
0.6592805
0.674694
0.5874193
0.5498109
0.68784565
0.6684952
0.56142664
0.54554015
0.61486685
0.5958151
0.5751976
0.57794976
0.58170056
0.57981765
0.56746686
0.5642743
0.595878
0.59217954
0.55478764
0.57711023
0.647968
0.6245562
0.60189193
0.5389856
0.5888713
0.603052
0.55226356
0.5160199
0.61497706
0.5999515
0.54997
0.568747
0.6471844
0.58170056
0.6192177
0.57792073
0.60004324
0.5971118
0.55195916
0.5656763
0.58544433
0.59499043
0.5587029
0.5409341
0.58550864
0.617994
0.5386615
0.6056317
0.61736494
0.5785154
0.5518055
0.5447823
0.57788473
0.6293458
0.56580055
0.5904074
0.59217966
0.5877051
0.534289
0.6084984
0.6352733
0.6292884
0.589121
0.56392974
0.5754737
0.5909209
0.5499415
0.5496813
0.6352561
0.6110444
0.5141327
0.5363521
0.57096785
0.63873756
0.5653129
0.5874082
0.5916305
0.6068771
0.5781178
0.6134328
0.6243343
0.618286
0.55795336
0.5569165
0.61580575
0.6141471
0.58613485
0.5739467
0.61676246
0.622654
0.56993663
0.5622081
0.61815345
0.61978316
0.57783574
0.58531594
0.6141498
0.61814535
0.6356615
0.56990534
0.61544955
0.6152467
0.56809276
0.57208645
0.648746
0.64039785
0.59488684
0.54968077
0.6137303
0.659038
0.56054884
0.54163945
0.62566644
0.6162876
0.59043264
0.5852635
0.6404029
0.64503086
0.5622939
0.56513757
0.6454115
0.6383814
0.54163265
0.55094516
0.6378507
0.63200086
0.5557779
0.53990775
0.57949114
0.58877295
0.5900282
0.54549265
0.63531375
0.59846854
0.5542656
0.5568014
0.577091
0.62388015
0.61069447
0.56902766
0.63297343
0.6279385
0.5740265
0.56311256
0.5955298
0.59349096
0.5723759
0.55320317
0.6048358
0.6136203
0.5647723
0.56580174
0.6147081
0.628174
0.57415116
0.57546306
0.6405118
0.64157003
0.59594923
0.5927004
0.6136194
0.600618
0.5654019
0.54551756
0.64289904
0.60706264
0.5559892
0.59850466
0.597777
0.66005266
0.5561457
0.5658405
0.61488456
0.643162
0.56978154
0.55906117
0.61779
0.61084783
0.5624465
0.5629837
0.6136609
0.6567845
0.5812108
0.6435724
0.5969719
0.68678135
0.5848904
0.5998329
0.6830362
0.6452627
0.5756997
0.6368056
0.5774257
0.6412586
0.58759993
0.6617015
0.5746641
0.56267697
0.5855217
0.55694073
0.5758894
0.5960231
0.5973543
0.54613495
0.5932289
0.6497753
0.5912927
0.5869564
0.589043
0.5828694
0.57312125
0.5471215
0.60355514
0.6158957
0.57219255
0.5736271
0.67096126
0.6093631
0.55210793
0.53992844
0.5662537
0.6101365
0.5707861
0.5547928
0.6072206
0.6279064
0.57920593
0.55910826
0.592211
0.595271
0.58701706
0.5529702
0.5960178
0.5996277
0.5588486
0.582897
0.620747
0.6317005
0.54718757
0.5457583
0.6405583
0.6235402
0.6028584
0.5437569
0.58625627
0.579407
0.55708975
0.5811657
0.61527324
0.61662364
0.5330156
0.5504171
0.61917067
0.622074
0.55309576
0.5505956
0.6198987
0.61562616
0.55453396
0.5644732
0.61393845
0.6056365
0.66486424
0.5333546
0.61723095
0.6191657
0.5400929
0.5552639
0.61883956
0.61173296
0.5413236
0.56813484
0.61879504
0.60705703
0.5426195
0.5704487
0.61010265
0.6070198
0.5265393
0.55072325
0.60706353
0.63305193
0.5644188
0.56167334
0.64581513
0.61879665
0.5559806
0.5687418
0.6443911
0.6295703
0.56337243
0.56077737
0.62043685
0.6260622
0.54128945
0.5514228
0.61876893
0.6289944
0.5621601
0.5743529
0.6315437
0.6354564
0.5743262
0.5796573
0.62960094
0.62847716
0.5461611
0.5576537
0.6371539
0.6222332
0.57367504
0.5767822
0.6257673
0.6182817
0.5598935
0.53496027
0.61828846
0.6315425
0.63493
0.5524026
0.62600607
0.6464006
0.56834376
0.55917203
0.62274396
0.6451925
0.54767734
0.58785766
0.61719245
0.624908
0.56967247
0.5785321
0.65973824
0.6451875
0.5735829
0.5672003
0.6286588
0.6260013
0.5748198
0.59017354
0.65101516
0.6353243
0.56700253
0.57515043
0.63733053
0.62011373
0.5250626
0.57185537
0.6375765
0.6373256
0.52094126
0.5464286
0.6399601
0.6376201
0.5483182
0.5959722
0.6292663
0.64204854
0.57808685
0.5631832
0.65048444
0.64085
0.56550634
0.6452402
0.6355117
0.63797945
0.5702528
0.55669576
0.66466355
0.5797318
0.64038485
0.65280944
0.56823087
0.55840355
0.6495042
0.5676181
0.55251336
0.6578714
