0.59956074
0.6290863
0.5730451
0.5835394
0.6136522
0.61623913
0.5758868
0.5961961
0.60945064
0.5872814
0.5798669
0.5686972
0.6067801
0.61853576
0.5989638
0.57684034
0.6175242
0.6138639
0.56632876
0.5986506
0.599946
0.60734284
0.5953598
0.58322656
0.6192373
0.628634
0.5622677
0.55491334
0.6104044
0.6213934
0.59964406
0.5686634
0.6148231
0.6205969
0.58758944
0.597394
0.5993436
0.62428135
0.58364946
0.58601755
0.60331184
0.59889233
0.58814555
0.5439142
0.62059766
0.6067767
0.6055302
0.5516046
0.6107746
0.6076042
0.57768345
0.5989279
0.6217962
0.61329997
0.5922174
0.54265916
0.6091499
0.61151934
0.60426164
0.6008604
0.63780296
0.6429965
0.5481504
0.60268956
0.6303197
0.63153595
0.58576566
0.59150124
0.6307937
0.6063659
0.5926038
0.5634385
0.6100194
0.62851036
0.56427425
0.5601076
0.61726874
0.6306119
0.5871846
0.58428943
0.6161172
0.6238311
0.57986116
0.55858594
0.6136463
0.60740334
0.6120098
0.5938529
0.62179583
0.6541334
0.5851471
0.5933564
0.60328305
0.6195469
0.5978008
0.5721262
0.6161995
0.6369593
0.5729105
0.58718073
0.6016952
0.6271071
0.5744862
0.55906385
0.61378765
0.6456595
0.53529143
0.54368716
0.62837344
0.6020353
0.5659594
0.5591482
0.63249797
0.59307534
0.59230644
0.5694845
0.6223605
0.62658936
0.5748152
0.5889187
0.6158369
0.59863245
0.55328447
0.5481613
0.60228896
0.5955781
0.60006213
0.5549046
0.622456
0.6067783
0.56923866
0.53357327
0.609036
0.6138531
0.57344234
0.5453959
0.59137315
0.57897925
0.60400945
0.5571656
0.5846335
0.60601425
0.536868
0.60369164
0.63004327
0.62046707
0.60336643
0.5652668
0.59230745
0.6036833
0.5650961
0.59796506
0.6204682
0.6289966
0.6170727
0.6001039
0.61506426
0.6074836
0.6118438
0.5716066
0.5932978
0.6251671
0.53892803
0.5911029
0.58423245
0.6054435
0.56299233
0.57241374
0.57254314
0.59685254
0.6063771
0.5451663
0.603523
0.5893443
0.53998363
0.58450544
0.6248434
0.62039834
0.59650195
0.57644147
0.58803606
0.6161415
0.5552631
0.5724544
0.58759034
0.59907323
0.5824503
0.58205533
0.59926265
0.606886
0.5942123
0.5797984
0.61204964
0.6041611
0.59522533
0.6020649
0.60027456
0.60920596
0.56658137
0.5606779
0.6062946
0.5997032
0.5765637
0.54739994
0.61821014
0.6011414
0.5723528
0.5688305
0.6132173
0.6249342
0.6018907
0.59856004
0.59503835
0.6017472
0.59022933
0.5837129
0.61126935
0.5952863
0.5849383
0.6192407
0.6162252
0.59976286
0.6020709
0.5815013
0.6107609
0.62737703
0.5622647
0.5658291
0.6203086
0.59286135
0.58484554
0.5623946
0.5903229
0.5630528
0.56370074
0.57139736
0.59992254
0.61930656
0.5676633
0.59763354
0.6208067
0.6325884
0.57099766
0.5428639
0.6382896
0.6311473
0.5405109
0.57887226
0.6337647
0.6173727
0.5528081
0.57073885
0.6291116
0.61590004
0.57372373
0.5786525
0.6419558
0.6120434
0.58262956
0.55827314
0.6301311
0.64590776
0.5752164
0.5745521
0.6395662
0.6121489
0.5780627
0.5865999
0.63945943
0.6303578
0.54930884
0.58108056
0.62061596
0.6327244
0.56746936
0.5776314
0.62767905
0.63376194
0.55131227
0.5619075
0.6187501
0.6280238
0.5563211
0.5636791
0.6334545
0.6343813
0.53139347
0.56509644
0.61396223
0.61641526
0.5559389
0.5370309
0.63030195
0.6349011
0.58629984
0.557029
0.61642027
0.6339493
0.5721051
0.54663277
0.56792164
0.59146255
0.55251884
0.55814576
0.6120786
0.61394626
0.56847024
0.560801
0.5886269
0.6025077
0.55991375
0.58516794
0.5704584
0.58154356
0.5839778
0.55527025
0.5816069
0.61583275
0.5715578
0.5857821
0.6104346
0.6127653
0.5574025
0.5444924
0.5959439
0.6089316
0.56716156
0.5810428
0.602349
0.58801657
0.58664614
0.56558627
0.6183039
0.5861664
0.58230144
0.5684676
0.6082065
0.5995891
0.57891726
0.5883779
0.59750617
0.6251431
0.583349
0.5764929
0.5882214
0.58525854
0.57257754
0.6132437
0.59575784
0.58206916
0.5725292
0.56212234
0.5959963
0.6001205
0.58056694
0.54580253
0.6003191
0.595758
0.55701584
0.5751586
0.6247886
0.5984226
0.5719462
0.5412964
0.5825372
0.62589055
0.56754667
0.5539568
0.6042943
0.6032704
0.55643505
0.5497854
0.5926488
0.5825309
0.56276417
0.56350476
0.6237798
0.60280764
0.57458174
0.5684102
0.60854393
0.61843354
0.56898797
0.58889383
0.59859437
0.61390036
0.578329
0.60215837
0.60925233
0.61228937
0.56514657
0.57229936
0.6338206
0.61098826
0.5796553
0.5600399
0.6054921
0.6088755
0.5564651
0.5870504
0.6313655
0.6005077
0.62984574
0.5718304
0.60895073
0.5873821
0.5820386
0.54725224
0.5986281
0.6056169
0.55438656
0.55938834
0.59106594
0.605273
0.5770785
0.5655087
0.59311324
0.62471646
0.5612842
0.56186897
0.6188119
0.58935434
0.555168
0.5278581
0.5985792
0.56808484
0.57633424
0.5709108
0.5894933
0.60371256
0.5730807
0.547835
0.59288603
0.59719735
0.57269436
0.5774637
0.59916204
0.62107086
0.57712156
0.5718722
0.6202264
0.5883271
0.5856527
0.56035936
0.62107295
0.6115026
0.5947511
0.5419667
0.59244543
0.60177237
0.57527864
0.6269132
0.61445534
0.57715505
0.5750659
0.568963
0.5983025
0.65492874
0.5731333
0.5786952
0.60906756
0.6151782
0.58850193
0.5698068
0.5915568
0.5849868
0.5548349
0.57205904
0.57919794
0.6101186
0.5421929
0.56778
0.59610504
0.6078511
0.5795022
0.53169286
0.595685
0.5816041
0.58533806
0.57527596
0.615544
0.611579
0.56270766
0.5263202
0.6085162
0.621826
0.6065127
0.5652454
0.6096978
0.6316194
0.54417634
0.6106337
0.60881925
0.6008755
0.59491515
0.6258458
0.6268416
0.6045615
0.5382122
0.5450211
0.6276269
0.6241773
0.60817593
0.58310616
0.6169762
0.6117688
0.5678195
0.5917778
0.6094542
0.59625965
0.5412928
0.5741331
0.62023747
0.61462575
0.55547976
0.5795657
0.6015439
0.6027605
0.5850262
0.58735883
0.59688234
0.6210237
0.5646403
0.58599955
0.6219984
0.60086423
0.51666516
0.6002621
0.6198909
0.6214558
0.5658681
0.60179144
0.60400623
0.6015483
0.585893
0.5898633
0.61506045
0.6051743
0.59524274
0.561907
0.59892094
0.5925058
0.5101322
0.52327883
0.5980692
0.6262161
0.53463703
0.5551523
0.59916955
0.6080815
0.51465064
0.5267896
0.6109112
0.61281246
0.55733305
0.54144907
0.60135406
0.6343133
0.5399153
0.5549061
0.59855956
0.59362185
0.52735126
0.5568006
0.65615785
0.5878981
0.5398763
0.5676343
0.6240196
0.6383004
0.53819436
0.5313525
0.61119527
0.6306328
0.5530234
0.578847
0.6222907
0.6137392
0.53225875
0.53250647
0.60231334
0.6095059
0.53521395
0.54117465
0.6216808
0.60769486
0.537441
0.54093635
0.60951144
0.63791645
0.5558663
0.55325997
0.6055696
0.60778755
0.53568816
0.5375387
0.61374485
0.5963597
0.55532736
0.5677866
0.6129352
0.61416256
0.52099454
0.5613555
0.60278034
0.60576385
0.56203353
0.56705725
0.6143723
0.5897458
0.5766123
0.53977275
0.5844376
0.5954536
0.59874517
0.57386595
0.6111427
0.59448695
0.5754876
0.5573783
0.63172936
0.58762366
0.5553598
0.5518047
0.5914776
0.61852115
0.59288126
0.56281674
0.59982383
0.60758543
0.5702378
0.5604217
0.5957571
0.61023265
0.57398415
0.5578374
0.5926487
0.5887
0.54989094
0.56142545
0.613176
0.5832555
0.5555496
0.57587856
0.6147689
0.63067955
0.55825716
0.5514033
0.59776163
0.61785674
0.5953525
0.60527116
0.5891353
0.60733294
0.5729954
0.5739059
0.5952244
0.5913574
0.6060949
0.584291
0.62768286
0.6141432
0.573881
0.5414016
0.63015527
0.6189696
0.59840417
0.55621284
0.61002266
0.6230848
0.57436055
0.594162
0.61199284
0.61955076
0.61160874
0.5984412
0.601855
0.6072799
0.5777962
0.59946597
0.5989455
0.6042369
0.5484211
0.56069237
0.61035085
0.6000072
0.55649215
0.5883498
0.5877843
0.61319417
0.57348084
0.6071385
0.59281456
0.60346687
0.5720278
0.5974416
0.6174614
0.61306095
0.5850213
0.59711605
0.58888096
0.6257897
0.5906138
0.539806
0.626542
0.6278044
0.5618509
0.5439272
0.6077443
0.61969113
0.5718794
0.5608363
0.6188925
0.5779145
0.55026984
0.58351994
0.62274015
0.61246073
0.57570297
0.53984797
0.6244705
0.5966047
0.56585175
0.56490165
0.610984
0.6240979
0.59357303
0.5411577
0.61308396
0.60591733
0.56792146
0.5593518
0.605919
0.6028803
0.5839249
0.5476747
0.62342197
0.6285886
0.60502326
0.552906
0.6288079
0.59343714
0.6078416
0.5902241
0.6079389
0.6287995
0.58973795
0.5808648
0.6032975
0.6107242
0.59312814
0.5850251
0.6343208
0.6226794
0.5522077
0.59011567
0.603679
0.62518096
0.5758712
0.6211936
0.61355376
0.6062435
0.5789422
0.5985389
0.62069505
0.6135472
0.5879606
0.5464905
0.6278613
0.60019076
0.58634526
0.61020035
0.5937204
0.61491054
0.5744561
0.6203906
0.6167215
0.61863184
0.5601641
0.60422105
0.6152371
0.61096245
0.5688312
0.56202644
0.62423754
0.6068889
0.5821867
0.5661523
0.6095357
0.6070001
0.58123165
0.5357619
0.59430635
0.5915136
0.58197486
0.57207555
0.608386
0.6145917
0.5930913
0.5552956
0.593502
0.6127892
0.5407343
0.58211994
0.59135604
0.5996746
0.57332414
0.59565085
0.61536855
0.6021555
0.55151707
0.59944
0.6069194
0.6274267
0.557595
0.5866563
0.6211149
0.59590685
0.5801711
0.56145114
0.6194327
0.59396535
0.59275365
0.56796336
0.6074357
0.60128856
0.567887
0.5858806
0.6202241
0.6015444
0.5958216
0.56751204
0.60064024
0.59350073
0.5555529
0.59123236
0.63451684
0.6066577
0.5503961
0.6196004
0.6130843
0.61720276
0.5583553
0.552087
0.59734243
0.5944543
0.58537674
0.57608193
0.61430156
0.6129089
0.5584009
0.572529
0.60023373
0.5918471
0.55861807
0.60198826
0.60914946
0.61038554
0.5458531
0.5717641
0.61503434
0.621095
0.56854343
0.56086284
0.60963607
0.60463065
0.56957495
0.5515856
0.61291873
0.60901135
0.5499786
0.595472
0.6121902
0.60023236
0.5546567
0.5877843
0.6062819
0.6229667
0.5636483
0.56589043
0.6085741
0.6173176
0.5673608
0.56061596
0.6226982
0.62328404
0.5736684
0.5610842
0.6165856
0.62249815
0.5469827
0.5748716
0.6210932
0.5951938
0.5524234
0.5671994
0.63300204
0.6003133
0.56894
0.5809484
0.6096432
0.6197539
0.55273664
0.57258004
0.6297593
0.62211066
0.5979342
0.5589882
0.6239747
0.6164696
0.55080724
0.5692539
0.6337213
0.62096006
0.58386624
0.55384153
0.61964035
0.6000712
0.5668221
0.5696224
0.6146491
0.6132749
0.5477439
0.5585806
0.61351
0.6467017
0.5514313
0.593174
0.6285112
0.61343944
0.5519819
0.6064631
0.6331979
0.6277056
0.5582058
0.580965
0.60258824
0.6238633
0.55558145
0.5701454
0.6025611
0.5884176
0.5855148
0.5521494
0.6129163
0.61521757
0.52867717
0.5620224
0.61531925
0.63377225
0.6086451
0.58610666
0.61229646
0.61464894
0.5598143
0.55454206
0.5946266
0.6014587
0.5812923
0.5666986
0.58272487
0.62860274
0.5536934
0.5575051
0.62549573
0.58327705
0.54503757
0.5611777
0.63910127
0.5808606
0.54782915
0.54607975
0.625455
0.6283561
0.5623386
0.55712754
0.5866488
0.6462724
0.5472833
0.6014652
0.5802239
0.6287266
0.5985133
0.5552643
0.63322526
0.5893465
0.55553967
0.57128495
0.59232306
0.62545115
0.5415509
0.5410655
0.593004
0.64057404
0.5721596
0.57068324
0.633269
0.57874805
0.5545976
0.5757003
0.58513093
